gtrieScanner Results
------------------------------------------
General Information

Start of Computation: 23h32m34s 28/06/2022
End of Computation: 23h32m34s 28/06/2022

Subgraph Size: 4
Graph File: "rede_fw.txt"
Directed: YES
Nr Nodes: 34
Nr Edges: 176

Method: GTRIE with file containing complete g-trie
Different Types of Subgraphs Found [Original Network]: 92
Subgraph Occurrences Found [Original Network]: 11376
Time for computing census on original network: 0.003096s
Average time for census on random network: 0.000000s

Number of random networks: 0
Random seed: 1656455554
Exchanges per edge: 3
Number of tries per exchange: 10
------------------------------------------
Motif Analysis Results

Graph   Org_Freq |  Z-score |    Rnd_Avg +/-    Rnd_Dev

0100
0001
1000
0000        1179 |     0.00 |       0.00 +/-       0.00

0000
1001
1000
0000        1134 |     0.00 |       0.00 +/-       0.00

0000
1000
1000
0100        1054 |     0.00 |       0.00 +/-       0.00

0010
1001
0000
0000        1027 |     0.00 |       0.00 +/-       0.00

0001
1000
1000
0000         822 |     0.00 |       0.00 +/-       0.00

0011
1000
0000
0000         760 |     0.00 |       0.00 +/-       0.00

0100
0010
1000
1000         517 |     0.00 |       0.00 +/-       0.00

0101
0010
1000
0000         508 |     0.00 |       0.00 +/-       0.00

0110
0010
0000
1000         320 |     0.00 |       0.00 +/-       0.00

0110
0001
0000
0010         306 |     0.00 |       0.00 +/-       0.00

0000
1010
1000
1000         293 |     0.00 |       0.00 +/-       0.00

0001
1010
1000
0000         283 |     0.00 |       0.00 +/-       0.00

0000
1000
1000
1000         282 |     0.00 |       0.00 +/-       0.00

0111
0010
0000
0000         271 |     0.00 |       0.00 +/-       0.00

0111
0000
0000
0000         264 |     0.00 |       0.00 +/-       0.00

0011
1010
0000
0000         255 |     0.00 |       0.00 +/-       0.00

0010
1010
0000
1000         254 |     0.00 |       0.00 +/-       0.00

0110
0001
0001
0000         187 |     0.00 |       0.00 +/-       0.00

0011
1000
0100
0100         170 |     0.00 |       0.00 +/-       0.00

0011
1001
0100
0000         118 |     0.00 |       0.00 +/-       0.00

0001
1000
1100
0100         116 |     0.00 |       0.00 +/-       0.00

0010
1001
0100
1000         109 |     0.00 |       0.00 +/-       0.00

0110
0000
0000
0110         103 |     0.00 |       0.00 +/-       0.00

0101
0000
1100
0100          83 |     0.00 |       0.00 +/-       0.00

0101
0001
1100
0000          83 |     0.00 |       0.00 +/-       0.00

0111
0001
0100
0000          74 |     0.00 |       0.00 +/-       0.00

0100
0001
1000
0010          71 |     0.00 |       0.00 +/-       0.00

0101
0001
1100
0010          55 |     0.00 |       0.00 +/-       0.00

0111
0000
0100
0100          54 |     0.00 |       0.00 +/-       0.00

0100
1000
1000
0010          53 |     0.00 |       0.00 +/-       0.00

0111
0011
0000
0000          40 |     0.00 |       0.00 +/-       0.00

0100
1000
1001
0000          39 |     0.00 |       0.00 +/-       0.00

0110
1000
0000
0010          38 |     0.00 |       0.00 +/-       0.00

0100
0000
1100
1100          38 |     0.00 |       0.00 +/-       0.00

0100
1000
1000
1000          35 |     0.00 |       0.00 +/-       0.00

0101
1000
1000
0000          33 |     0.00 |       0.00 +/-       0.00

0110
1000
0001
0000          31 |     0.00 |       0.00 +/-       0.00

0111
0011
0001
0000          24 |     0.00 |       0.00 +/-       0.00

0001
1010
1000
1000          22 |     0.00 |       0.00 +/-       0.00

0100
1000
1000
0100          19 |     0.00 |       0.00 +/-       0.00

0101
0010
1000
1000          18 |     0.00 |       0.00 +/-       0.00

0100
1001
1000
0000          18 |     0.00 |       0.00 +/-       0.00

0100
1000
1101
0000          16 |     0.00 |       0.00 +/-       0.00

0100
1000
1100
0010          15 |     0.00 |       0.00 +/-       0.00

0100
1000
1001
0100          14 |     0.00 |       0.00 +/-       0.00

0100
1000
1100
1000          12 |     0.00 |       0.00 +/-       0.00

0110
1000
0100
0010          11 |     0.00 |       0.00 +/-       0.00

0110
1000
0101
0000           9 |     0.00 |       0.00 +/-       0.00

0101
1000
1100
0000           8 |     0.00 |       0.00 +/-       0.00

0111
0001
0100
0010           8 |     0.00 |       0.00 +/-       0.00

0101
1000
1100
0010           8 |     0.00 |       0.00 +/-       0.00

0111
1000
0000
0000           8 |     0.00 |       0.00 +/-       0.00

0100
1001
1001
0000           7 |     0.00 |       0.00 +/-       0.00

0011
1010
0000
0110           7 |     0.00 |       0.00 +/-       0.00

0011
1010
0000
1000           6 |     0.00 |       0.00 +/-       0.00

0110
1010
0001
0000           6 |     0.00 |       0.00 +/-       0.00

0111
1010
0000
0000           6 |     0.00 |       0.00 +/-       0.00

0101
1001
1100
0000           5 |     0.00 |       0.00 +/-       0.00

0110
1010
0000
1000           5 |     0.00 |       0.00 +/-       0.00

0110
1001
0001
0000           5 |     0.00 |       0.00 +/-       0.00

0110
1000
0101
1100           4 |     0.00 |       0.00 +/-       0.00

0101
1010
1000
0000           3 |     0.00 |       0.00 +/-       0.00

0100
1010
1000
1010           3 |     0.00 |       0.00 +/-       0.00

0111
1001
0100
0000           3 |     0.00 |       0.00 +/-       0.00

0100
1000
1101
1000           3 |     0.00 |       0.00 +/-       0.00

0101
1010
1001
0000           3 |     0.00 |       0.00 +/-       0.00

0110
1000
0100
1000           3 |     0.00 |       0.00 +/-       0.00

0110
1010
0000
0010           3 |     0.00 |       0.00 +/-       0.00

0100
1010
1000
1000           3 |     0.00 |       0.00 +/-       0.00

0111
0010
0000
1000           2 |     0.00 |       0.00 +/-       0.00

0101
1000
1100
0100           2 |     0.00 |       0.00 +/-       0.00

0111
1010
0001
0000           2 |     0.00 |       0.00 +/-       0.00

0110
1001
0000
0000           2 |     0.00 |       0.00 +/-       0.00

0111
1000
0101
0000           2 |     0.00 |       0.00 +/-       0.00

0100
1001
1000
0010           2 |     0.00 |       0.00 +/-       0.00

0101
1010
1000
0010           2 |     0.00 |       0.00 +/-       0.00

0111
1000
0100
0000           2 |     0.00 |       0.00 +/-       0.00

0100
1000
1100
1100           2 |     0.00 |       0.00 +/-       0.00

0100
1000
1001
0010           1 |     0.00 |       0.00 +/-       0.00

0110
1010
0001
1010           1 |     0.00 |       0.00 +/-       0.00

0110
1010
0001
1100           1 |     0.00 |       0.00 +/-       0.00

0100
1000
1100
1010           1 |     0.00 |       0.00 +/-       0.00

0110
1010
0001
1000           1 |     0.00 |       0.00 +/-       0.00

0110
1001
0101
1000           1 |     0.00 |       0.00 +/-       0.00

0100
1000
1101
0010           1 |     0.00 |       0.00 +/-       0.00

0100
1010
1001
1000           1 |     0.00 |       0.00 +/-       0.00

0111
1010
0000
0110           1 |     0.00 |       0.00 +/-       0.00

0110
1000
0100
1110           1 |     0.00 |       0.00 +/-       0.00

0110
1010
0000
1010           1 |     0.00 |       0.00 +/-       0.00

0100
1000
1101
1100           1 |     0.00 |       0.00 +/-       0.00

0110
1000
0100
1010           1 |     0.00 |       0.00 +/-       0.00

0111
1011
0000
0000           1 |     0.00 |       0.00 +/-       0.00

0111
1011
1000
0010           0 |     0.00 |       0.00 +/-       0.00

0111
1011
1000
0100           0 |     0.00 |       0.00 +/-       0.00

0111
1011
1000
1000           0 |     0.00 |       0.00 +/-       0.00

0111
1011
1001
0000           0 |     0.00 |       0.00 +/-       0.00

0111
1011
1001
0100           0 |     0.00 |       0.00 +/-       0.00

0111
1011
1001
0110           0 |     0.00 |       0.00 +/-       0.00

0111
1011
1001
1000           0 |     0.00 |       0.00 +/-       0.00

0111
1011
1100
0000           0 |     0.00 |       0.00 +/-       0.00

0111
1011
1100
0010           0 |     0.00 |       0.00 +/-       0.00

0111
1011
1100
1000           0 |     0.00 |       0.00 +/-       0.00

0111
1011
1100
1010           0 |     0.00 |       0.00 +/-       0.00

0111
1011
1100
1100           0 |     0.00 |       0.00 +/-       0.00

0111
1011
1101
0000           0 |     0.00 |       0.00 +/-       0.00

0111
1011
1101
1000           0 |     0.00 |       0.00 +/-       0.00

0111
1011
1101
1100           0 |     0.00 |       0.00 +/-       0.00

0111
1011
1101
1110           0 |     0.00 |       0.00 +/-       0.00

0101
1000
1100
1000           0 |     0.00 |       0.00 +/-       0.00

0101
1000
1101
0000           0 |     0.00 |       0.00 +/-       0.00

0101
1000
1101
1000           0 |     0.00 |       0.00 +/-       0.00

0101
1010
1000
1010           0 |     0.00 |       0.00 +/-       0.00

0101
1010
1001
0010           0 |     0.00 |       0.00 +/-       0.00

0101
1010
1001
1000           0 |     0.00 |       0.00 +/-       0.00

0110
1000
0001
0110           0 |     0.00 |       0.00 +/-       0.00

0110
1000
0101
0010           0 |     0.00 |       0.00 +/-       0.00

0110
1000
0101
1000           0 |     0.00 |       0.00 +/-       0.00

0110
1000
1000
0100           0 |     0.00 |       0.00 +/-       0.00

0110
1000
1000
0110           0 |     0.00 |       0.00 +/-       0.00

0110
1000
1000
1000           0 |     0.00 |       0.00 +/-       0.00

0110
1000
1100
0100           0 |     0.00 |       0.00 +/-       0.00

0110
1000
1100
1100           0 |     0.00 |       0.00 +/-       0.00

0110
1001
0001
0010           0 |     0.00 |       0.00 +/-       0.00

0110
1001
0100
1000           0 |     0.00 |       0.00 +/-       0.00

0110
1001
0101
1010           0 |     0.00 |       0.00 +/-       0.00

0110
1001
1000
0000           0 |     0.00 |       0.00 +/-       0.00

0110
1001
1000
0010           0 |     0.00 |       0.00 +/-       0.00

0110
1001
1000
0100           0 |     0.00 |       0.00 +/-       0.00

0110
1001
1000
1000           0 |     0.00 |       0.00 +/-       0.00

0110
1001
1001
0000           0 |     0.00 |       0.00 +/-       0.00

0110
1001
1001
0100           0 |     0.00 |       0.00 +/-       0.00

0110
1001
1001
0110           0 |     0.00 |       0.00 +/-       0.00

0110
1001
1100
0000           0 |     0.00 |       0.00 +/-       0.00

0110
1001
1100
0010           0 |     0.00 |       0.00 +/-       0.00

0110
1001
1100
0100           0 |     0.00 |       0.00 +/-       0.00

0110
1001
1100
0110           0 |     0.00 |       0.00 +/-       0.00

0110
1001
1100
1000           0 |     0.00 |       0.00 +/-       0.00

0110
1001
1100
1010           0 |     0.00 |       0.00 +/-       0.00

0110
1001
1100
1100           0 |     0.00 |       0.00 +/-       0.00

0110
1001
1101
0100           0 |     0.00 |       0.00 +/-       0.00

0110
1001
1101
1100           0 |     0.00 |       0.00 +/-       0.00

0110
1010
0000
1110           0 |     0.00 |       0.00 +/-       0.00

0110
1010
0001
0010           0 |     0.00 |       0.00 +/-       0.00

0110
1010
1000
0100           0 |     0.00 |       0.00 +/-       0.00

0110
1010
1000
0110           0 |     0.00 |       0.00 +/-       0.00

0110
1010
1000
1000           0 |     0.00 |       0.00 +/-       0.00

0110
1010
1000
1100           0 |     0.00 |       0.00 +/-       0.00

0110
1010
1000
1110           0 |     0.00 |       0.00 +/-       0.00

0110
1010
1100
1000           0 |     0.00 |       0.00 +/-       0.00

0110
1010
1100
1100           0 |     0.00 |       0.00 +/-       0.00

0110
1010
1100
1110           0 |     0.00 |       0.00 +/-       0.00

0110
1011
1000
0000           0 |     0.00 |       0.00 +/-       0.00

0110
1011
1000
0010           0 |     0.00 |       0.00 +/-       0.00

0110
1011
1000
0100           0 |     0.00 |       0.00 +/-       0.00

0110
1011
1000
0110           0 |     0.00 |       0.00 +/-       0.00

0110
1011
1000
1000           0 |     0.00 |       0.00 +/-       0.00

0110
1011
1000
1010           0 |     0.00 |       0.00 +/-       0.00

0110
1011
1001
0000           0 |     0.00 |       0.00 +/-       0.00

0110
1011
1001
0100           0 |     0.00 |       0.00 +/-       0.00

0110
1011
1001
0110           0 |     0.00 |       0.00 +/-       0.00

0110
1011
1001
1000           0 |     0.00 |       0.00 +/-       0.00

0111
1000
0100
0010           0 |     0.00 |       0.00 +/-       0.00

0111
1000
0100
0100           0 |     0.00 |       0.00 +/-       0.00

0111
1000
0100
1000           0 |     0.00 |       0.00 +/-       0.00

0111
1000
0101
0010           0 |     0.00 |       0.00 +/-       0.00

0111
1000
0101
0100           0 |     0.00 |       0.00 +/-       0.00

0111
1000
0101
0110           0 |     0.00 |       0.00 +/-       0.00

0111
1000
0101
1000           0 |     0.00 |       0.00 +/-       0.00

0111
1000
1000
0000           0 |     0.00 |       0.00 +/-       0.00

0111
1000
1000
1000           0 |     0.00 |       0.00 +/-       0.00

0111
1000
1100
0100           0 |     0.00 |       0.00 +/-       0.00

0111
1000
1100
1100           0 |     0.00 |       0.00 +/-       0.00

0111
1001
1000
0000           0 |     0.00 |       0.00 +/-       0.00

0111
1001
1100
0000           0 |     0.00 |       0.00 +/-       0.00

0111
1001
1100
0010           0 |     0.00 |       0.00 +/-       0.00

0111
1001
1100
0100           0 |     0.00 |       0.00 +/-       0.00

0111
1001
1100
0110           0 |     0.00 |       0.00 +/-       0.00

0111
1001
1100
1000           0 |     0.00 |       0.00 +/-       0.00

0111
1001
1100
1010           0 |     0.00 |       0.00 +/-       0.00

0111
1001
1101
0100           0 |     0.00 |       0.00 +/-       0.00

0111
1010
0000
0010           0 |     0.00 |       0.00 +/-       0.00

0111
1010
0000
1010           0 |     0.00 |       0.00 +/-       0.00

0111
1010
0001
0010           0 |     0.00 |       0.00 +/-       0.00

0111
1010
0001
0100           0 |     0.00 |       0.00 +/-       0.00

0111
1010
0001
0110           0 |     0.00 |       0.00 +/-       0.00

0111
1010
0001
1000           0 |     0.00 |       0.00 +/-       0.00

0111
1010
1000
0000           0 |     0.00 |       0.00 +/-       0.00

0111
1010
1000
0100           0 |     0.00 |       0.00 +/-       0.00

0111
1010
1000
0110           0 |     0.00 |       0.00 +/-       0.00

0111
1010
1000
1000           0 |     0.00 |       0.00 +/-       0.00

0111
1010
1100
0000           0 |     0.00 |       0.00 +/-       0.00

0111
1010
1100
0100           0 |     0.00 |       0.00 +/-       0.00

0111
1010
1100
0110           0 |     0.00 |       0.00 +/-       0.00

0111
1010
1100
1000           0 |     0.00 |       0.00 +/-       0.00

0111
1010
1100
1100           0 |     0.00 |       0.00 +/-       0.00

0111
1010
1100
1110           0 |     0.00 |       0.00 +/-       0.00

0111
1011
0001
0000           0 |     0.00 |       0.00 +/-       0.00

0111
1011
0001
0010           0 |     0.00 |       0.00 +/-       0.00

0111
1011
1000
0000           0 |     0.00 |       0.00 +/-       0.00

