gtrieScanner Results
------------------------------------------
General Information

Start of Computation: 23h33m50s 28/06/2022
End of Computation: 23h33m51s 28/06/2022

Subgraph Size: 4
Graph File: "rede_fw.txt"
Directed: YES
Nr Nodes: 34
Nr Edges: 176

Method: GTRIE with file containing complete g-trie
Different Types of Subgraphs Found [Original Network]: 92
Subgraph Occurrences Found [Original Network]: 11376
Time for computing census on original network: 0.004860s
Average time for census on random network: 0.001130s

Number of random networks: 500
Random seed: 1656455630
Exchanges per edge: 3
Number of tries per exchange: 10
------------------------------------------
Motif Analysis Results

Graph   Org_Freq |  Z-score |    Rnd_Avg +/-    Rnd_Dev

0011
1000
0100
0100         170 |    15.62 |      20.91 +/-       9.54

0110
0000
0000
0110         103 |     9.64 |      27.88 +/-       7.79

0101
0001
1100
0010          55 |     7.70 |       9.52 +/-       5.91

0111
0000
0100
0100          54 |     7.37 |      14.08 +/-       5.42

0110
0001
0001
0000         187 |     7.21 |      70.13 +/-      16.22

0101
0010
1000
0000         508 |     7.19 |     185.41 +/-      44.88

0011
1001
0100
0000         118 |     7.00 |      36.23 +/-      11.67

0100
0010
1000
1000         517 |     6.82 |     195.95 +/-      47.10

0111
0000
0000
0000         264 |     6.44 |     113.58 +/-      23.34

0001
1000
1100
0100         116 |     6.07 |      37.05 +/-      13.01

0000
1001
1000
0000        1134 |     5.55 |     671.05 +/-      83.49

0110
0001
0000
0010         306 |     5.39 |     139.86 +/-      30.84

0010
1001
0100
1000         109 |     5.31 |      40.82 +/-      12.85

0111
0011
0000
0000          40 |     5.25 |      12.57 +/-       5.23

0111
0010
0000
0000         271 |     5.17 |     130.53 +/-      27.17

0000
1000
1000
1000         282 |     5.17 |     144.26 +/-      26.65

0001
1000
1000
0000         822 |     4.96 |     464.56 +/-      72.05

0101
0000
1100
0100          83 |     4.75 |      31.83 +/-      10.78

0011
1000
0000
0000         760 |     4.74 |     439.96 +/-      67.49

0111
0001
0100
0000          74 |     4.65 |      28.21 +/-       9.85

0101
0001
1100
0000          83 |     4.58 |      32.01 +/-      11.14

0111
0011
0001
0000          24 |     4.56 |       6.25 +/-       3.89

0000
1010
1000
1000         293 |     4.47 |     151.86 +/-      31.54

0110
0010
0000
1000         320 |     4.10 |     169.77 +/-      36.61

0100
0000
1100
1100          38 |     4.02 |      14.52 +/-       5.85

0011
1010
0000
0000         255 |     3.75 |     144.81 +/-      29.39

0010
1001
0000
0000        1027 |     3.71 |     715.39 +/-      84.00

0100
0001
1000
0000        1179 |     3.50 |     829.54 +/-      99.71

0001
1010
1000
0000         283 |     3.34 |     165.10 +/-      35.29

0010
1010
0000
1000         254 |     3.23 |     153.12 +/-      31.28

0000
1000
1000
0100        1054 |     3.04 |     775.22 +/-      91.64

0111
0001
0100
0010           8 |     3.00 |       2.45 +/-       1.85

0100
0001
1000
0010          71 |     2.58 |      42.74 +/-      10.94

0011
1010
0000
0110           7 |     2.36 |       2.48 +/-       1.91

0110
1000
0101
1100           4 |     0.70 |       2.65 +/-       1.92

0100
1000
1101
1100           1 |     0.06 |       0.94 +/-       1.02

0101
1001
1100
0000           5 |     0.01 |       4.97 +/-       2.93

0100
1000
1100
1100           2 |    -0.15 |       2.29 +/-       1.96

0100
1000
1101
0000          16 |    -0.24 |      17.65 +/-       6.78

0110
1010
0001
1100           1 |    -0.35 |       1.51 +/-       1.45

0111
1011
0000
0000           1 |    -0.53 |       1.91 +/-       1.72

0101
1000
1100
0010           8 |    -0.61 |      10.96 +/-       4.89

0110
1000
0100
1110           1 |    -0.61 |       1.93 +/-       1.52

0111
1010
0000
0110           1 |    -0.71 |       2.14 +/-       1.62

0110
1010
0001
1010           1 |    -0.87 |       2.63 +/-       1.87

0110
1001
0101
1000           1 |    -0.88 |       2.84 +/-       2.10

0100
1000
1100
0010          15 |    -1.01 |      23.32 +/-       8.27

0100
1000
1101
0010           1 |    -1.37 |       5.12 +/-       3.01

0100
1000
1101
1000           3 |    -1.52 |       8.35 +/-       3.51

0111
1001
0100
0000           3 |    -1.56 |       9.78 +/-       4.36

0101
1010
1001
0000           3 |    -1.79 |       9.50 +/-       3.64

0111
1010
0001
0000           2 |    -1.80 |       8.60 +/-       3.67

0100
1010
1000
1010           3 |    -1.83 |       9.30 +/-       3.45

0111
1000
0101
0000           2 |    -1.84 |       8.35 +/-       3.45

0101
1000
1100
0100           2 |    -1.91 |      10.67 +/-       4.55

0001
1010
1000
1000          22 |    -1.98 |      40.75 +/-       9.46

0110
1010
0001
0000           6 |    -1.99 |      21.99 +/-       8.04

0110
1010
0000
1010           1 |    -2.06 |       8.57 +/-       3.69

0100
1000
1100
1010           1 |    -2.07 |       9.62 +/-       4.17

0110
1010
0001
1000           1 |    -2.10 |      10.92 +/-       4.72

0101
1010
1000
0010           2 |    -2.19 |      10.91 +/-       4.06

0100
1000
1001
0010           1 |    -2.25 |      42.63 +/-      18.51

0110
1000
0100
1010           1 |    -2.27 |       9.35 +/-       3.68

0110
1010
0000
0010           3 |    -2.32 |      20.20 +/-       7.42

0100
1010
1001
1000           1 |    -2.40 |      10.21 +/-       3.84

0100
1000
1100
1000          12 |    -2.49 |      44.85 +/-      13.18

0100
1000
1001
0100          14 |    -2.50 |      37.46 +/-       9.39

0101
1000
1100
0000           8 |    -2.51 |      45.82 +/-      15.05

0101
0010
1000
1000          18 |    -2.60 |      48.60 +/-      11.78

0110
1010
0000
1000           5 |    -2.66 |      46.79 +/-      15.72

0111
1010
0000
0000           6 |    -2.89 |      40.35 +/-      11.89

0110
1000
0100
0010          11 |    -3.00 |      45.50 +/-      11.50

0110
1000
0101
0000           9 |    -3.07 |      42.75 +/-      10.98

0100
1001
1001
0000           7 |    -3.49 |      32.29 +/-       7.25

0100
1000
1000
1000          35 |    -3.54 |     116.93 +/-      23.16

0110
1001
0001
0000           5 |    -3.56 |      36.20 +/-       8.75

0100
1000
1000
0100          19 |    -3.77 |     105.61 +/-      22.99

0011
1010
0000
1000           6 |    -3.94 |      38.27 +/-       8.19

0111
1000
0100
0000           2 |    -3.99 |      45.23 +/-      10.82

0100
1010
1000
1000           3 |    -4.01 |      49.79 +/-      11.66

0101
1010
1000
0000           3 |    -4.03 |      49.99 +/-      11.66

0110
1000
0100
1000           3 |    -4.06 |      52.20 +/-      12.12

0111
0010
0000
1000           2 |    -4.16 |      38.45 +/-       8.76

0100
1000
1000
0010          53 |    -4.22 |     193.30 +/-      33.21

0100
1000
1001
0000          39 |    -4.31 |     166.60 +/-      29.64

0110
1000
0000
0010          38 |    -4.34 |     172.75 +/-      31.03

0110
1001
0000
0000           2 |    -4.58 |      96.37 +/-      20.59

0100
1001
1000
0010           2 |    -4.72 |      41.17 +/-       8.30

0111
1000
0000
0000           8 |    -4.75 |     103.40 +/-      20.07

0110
1000
0001
0000          31 |    -5.06 |     185.57 +/-      30.57

0100
1001
1000
0000          18 |    -5.22 |     203.26 +/-      35.51

0101
1000
1000
0000          33 |    -5.43 |     237.67 +/-      37.71

0111
1011
1000
0010           0 |     -nan |       0.00 +/-       0.00

0111
1011
1000
0100           0 |     -nan |       0.00 +/-       0.00

0111
1011
1000
1000           0 |     -nan |       0.00 +/-       0.00

0111
1011
1001
0000           0 |     -nan |       0.00 +/-       0.00

0111
1011
1001
0100           0 |     -nan |       0.00 +/-       0.00

0111
1011
1001
0110           0 |     -nan |       0.00 +/-       0.00

0111
1011
1001
1000           0 |     -nan |       0.00 +/-       0.00

0111
1011
1100
0000           0 |     -nan |       0.00 +/-       0.00

0111
1011
1100
0010           0 |     -nan |       0.00 +/-       0.00

0111
1011
1100
1000           0 |     -nan |       0.00 +/-       0.00

0111
1011
1100
1010           0 |     -nan |       0.00 +/-       0.00

0111
1011
1100
1100           0 |     -nan |       0.00 +/-       0.00

0111
1011
1101
0000           0 |     -nan |       0.00 +/-       0.00

0111
1011
1101
1000           0 |     -nan |       0.00 +/-       0.00

0111
1011
1101
1100           0 |     -nan |       0.00 +/-       0.00

0111
1011
1101
1110           0 |     -nan |       0.00 +/-       0.00

0101
1000
1100
1000           0 |     -nan |       0.00 +/-       0.00

0101
1000
1101
0000           0 |     -nan |       0.00 +/-       0.00

0101
1000
1101
1000           0 |     -nan |       0.00 +/-       0.00

0101
1010
1000
1010           0 |     -nan |       0.00 +/-       0.00

0101
1010
1001
0010           0 |     -nan |       0.00 +/-       0.00

0101
1010
1001
1000           0 |     -nan |       0.00 +/-       0.00

0110
1000
0001
0110           0 |     -nan |       0.00 +/-       0.00

0110
1000
0101
0010           0 |     -nan |       0.00 +/-       0.00

0110
1000
0101
1000           0 |     -nan |       0.00 +/-       0.00

0110
1000
1000
0100           0 |     -nan |       0.00 +/-       0.00

0110
1000
1000
0110           0 |     -nan |       0.00 +/-       0.00

0110
1000
1000
1000           0 |     -nan |       0.00 +/-       0.00

0110
1000
1100
0100           0 |     -nan |       0.00 +/-       0.00

0110
1000
1100
1100           0 |     -nan |       0.00 +/-       0.00

0110
1001
0001
0010           0 |     -nan |       0.00 +/-       0.00

0110
1001
0100
1000           0 |     -nan |       0.00 +/-       0.00

0110
1001
0101
1010           0 |     -nan |       0.00 +/-       0.00

0110
1001
1000
0000           0 |     -nan |       0.00 +/-       0.00

0110
1001
1000
0010           0 |     -nan |       0.00 +/-       0.00

0110
1001
1000
0100           0 |     -nan |       0.00 +/-       0.00

0110
1001
1000
1000           0 |     -nan |       0.00 +/-       0.00

0110
1001
1001
0000           0 |     -nan |       0.00 +/-       0.00

0110
1001
1001
0100           0 |     -nan |       0.00 +/-       0.00

0110
1001
1001
0110           0 |     -nan |       0.00 +/-       0.00

0110
1001
1100
0000           0 |     -nan |       0.00 +/-       0.00

0110
1001
1100
0010           0 |     -nan |       0.00 +/-       0.00

0110
1001
1100
0100           0 |     -nan |       0.00 +/-       0.00

0110
1001
1100
0110           0 |     -nan |       0.00 +/-       0.00

0110
1001
1100
1000           0 |     -nan |       0.00 +/-       0.00

0110
1001
1100
1010           0 |     -nan |       0.00 +/-       0.00

0110
1001
1100
1100           0 |     -nan |       0.00 +/-       0.00

0110
1001
1101
0100           0 |     -nan |       0.00 +/-       0.00

0110
1001
1101
1100           0 |     -nan |       0.00 +/-       0.00

0110
1010
0000
1110           0 |     -nan |       0.00 +/-       0.00

0110
1010
0001
0010           0 |     -nan |       0.00 +/-       0.00

0110
1010
1000
0100           0 |     -nan |       0.00 +/-       0.00

0110
1010
1000
0110           0 |     -nan |       0.00 +/-       0.00

0110
1010
1000
1000           0 |     -nan |       0.00 +/-       0.00

0110
1010
1000
1100           0 |     -nan |       0.00 +/-       0.00

0110
1010
1000
1110           0 |     -nan |       0.00 +/-       0.00

0110
1010
1100
1000           0 |     -nan |       0.00 +/-       0.00

0110
1010
1100
1100           0 |     -nan |       0.00 +/-       0.00

0110
1010
1100
1110           0 |     -nan |       0.00 +/-       0.00

0110
1011
1000
0000           0 |     -nan |       0.00 +/-       0.00

0110
1011
1000
0010           0 |     -nan |       0.00 +/-       0.00

0110
1011
1000
0100           0 |     -nan |       0.00 +/-       0.00

0110
1011
1000
0110           0 |     -nan |       0.00 +/-       0.00

0110
1011
1000
1000           0 |     -nan |       0.00 +/-       0.00

0110
1011
1000
1010           0 |     -nan |       0.00 +/-       0.00

0110
1011
1001
0000           0 |     -nan |       0.00 +/-       0.00

0110
1011
1001
0100           0 |     -nan |       0.00 +/-       0.00

0110
1011
1001
0110           0 |     -nan |       0.00 +/-       0.00

0110
1011
1001
1000           0 |     -nan |       0.00 +/-       0.00

0111
1000
0100
0010           0 |     -nan |       0.00 +/-       0.00

0111
1000
0100
0100           0 |     -nan |       0.00 +/-       0.00

0111
1000
0100
1000           0 |     -nan |       0.00 +/-       0.00

0111
1000
0101
0010           0 |     -nan |       0.00 +/-       0.00

0111
1000
0101
0100           0 |     -nan |       0.00 +/-       0.00

0111
1000
0101
0110           0 |     -nan |       0.00 +/-       0.00

0111
1000
0101
1000           0 |     -nan |       0.00 +/-       0.00

0111
1000
1000
0000           0 |     -nan |       0.00 +/-       0.00

0111
1000
1000
1000           0 |     -nan |       0.00 +/-       0.00

0111
1000
1100
0100           0 |     -nan |       0.00 +/-       0.00

0111
1000
1100
1100           0 |     -nan |       0.00 +/-       0.00

0111
1001
1000
0000           0 |     -nan |       0.00 +/-       0.00

0111
1001
1100
0000           0 |     -nan |       0.00 +/-       0.00

0111
1001
1100
0010           0 |     -nan |       0.00 +/-       0.00

0111
1001
1100
0100           0 |     -nan |       0.00 +/-       0.00

0111
1001
1100
0110           0 |     -nan |       0.00 +/-       0.00

0111
1001
1100
1000           0 |     -nan |       0.00 +/-       0.00

0111
1001
1100
1010           0 |     -nan |       0.00 +/-       0.00

0111
1001
1101
0100           0 |     -nan |       0.00 +/-       0.00

0111
1010
0000
0010           0 |     -nan |       0.00 +/-       0.00

0111
1010
0000
1010           0 |     -nan |       0.00 +/-       0.00

0111
1010
0001
0010           0 |     -nan |       0.00 +/-       0.00

0111
1010
0001
0100           0 |     -nan |       0.00 +/-       0.00

0111
1010
0001
0110           0 |     -nan |       0.00 +/-       0.00

0111
1010
0001
1000           0 |     -nan |       0.00 +/-       0.00

0111
1010
1000
0000           0 |     -nan |       0.00 +/-       0.00

0111
1010
1000
0100           0 |     -nan |       0.00 +/-       0.00

0111
1010
1000
0110           0 |     -nan |       0.00 +/-       0.00

0111
1010
1000
1000           0 |     -nan |       0.00 +/-       0.00

0111
1010
1100
0000           0 |     -nan |       0.00 +/-       0.00

0111
1010
1100
0100           0 |     -nan |       0.00 +/-       0.00

0111
1010
1100
0110           0 |     -nan |       0.00 +/-       0.00

0111
1010
1100
1000           0 |     -nan |       0.00 +/-       0.00

0111
1010
1100
1100           0 |     -nan |       0.00 +/-       0.00

0111
1010
1100
1110           0 |     -nan |       0.00 +/-       0.00

0111
1011
0001
0000           0 |     -nan |       0.00 +/-       0.00

0111
1011
0001
0010           0 |     -nan |       0.00 +/-       0.00

0111
1011
1000
0000           0 |     -nan |       0.00 +/-       0.00

