2000
1 2
1 3
2 3
3 1
4 1
5 3
6 1
7 2
8 1
9 1
10 3
11 2
12 7
13 2
14 2
15 3
16 2
17 16
18 8
19 11
20 3
21 3
22 10
23 3
24 2
25 1
26 20
27 21
28 20
29 6
30 2
31 1
32 2
33 2
34 3
35 22
36 11
37 3
38 37
39 5
40 22
41 5
42 11
43 27
44 33
45 2
46 1
47 1
48 1
49 2
50 16
51 9
52 2
53 8
54 52
55 54
56 22
57 10
58 2
59 11
60 1
61 1
62 10
63 57
64 47
65 2
66 10
67 43
68 3
69 48
70 3
71 10
72 13
73 48
74 1
75 11
76 39
77 55
78 32
79 35
80 31
81 11
82 9
83 77
84 26
85 84
86 20
87 80
88 7
89 77
90 1
91 70
92 42
93 35
94 10
95 49
96 15
97 23
98 46
99 37
100 55
101 55
102 18
103 81
104 22
105 2
106 55
107 14
108 1
109 7
110 2
111 2
112 3
113 32
114 98
115 15
116 102
117 1
118 42
119 118
120 3
121 70
122 46
123 79
124 102
125 42
126 22
127 87
128 121
129 7
130 81
131 35
132 48
133 42
134 11
135 53
136 35
137 87
138 47
139 2
140 102
141 33
142 6
143 2
144 2
145 47
146 22
147 56
148 3
149 22
150 10
151 26
152 118
153 84
154 59
155 16
156 117
157 27
158 79
159 22
160 78
161 122
162 1
163 98
164 46
165 37
166 105
167 66
168 79
169 168
170 8
171 47
172 5
173 163
174 16
175 160
176 170
177 87
178 22
179 98
180 146
181 97
182 40
183 180
184 79
185 11
186 1
187 2
188 161
189 2
190 3
191 98
192 1
193 99
194 22
195 1
196 16
197 170
198 33
199 1
200 146
201 81
202 84
203 179
204 42
205 47
206 77
207 34
208 103
209 129
210 34
211 109
212 40
213 22
214 141
215 11
216 2
217 35
218 98
219 32
220 46
221 110
222 98
223 2
224 207
225 164
226 136
227 35
228 46
229 109
230 34
231 106
232 79
233 2
234 229
235 15
236 234
237 79
238 114
239 10
240 23
241 3
242 13
243 2
244 152
245 98
246 3
247 51
248 230
249 11
250 1
251 18
252 23
253 69
254 9
255 32
256 63
257 109
258 49
259 3
260 58
261 117
262 23
263 77
264 237
265 78
266 189
267 258
268 2
269 22
270 92
271 258
272 9
273 15
274 16
275 75
276 16
277 95
278 8
279 168
280 2
281 35
282 53
283 199
284 170
285 23
286 10
287 22
288 164
289 14
290 18
291 176
292 255
293 55
294 22
295 28
296 9
297 7
298 291
299 13
300 103
301 110
302 14
303 68
304 61
305 14
306 152
307 193
308 194
309 23
310 280
311 147
312 217
313 14
314 103
315 42
316 127
317 180
318 79
319 22
320 300
321 2
322 2
323 96
324 1
325 71
326 235
327 51
328 81
329 47
330 205
331 13
332 7
333 46
334 48
335 16
336 164
337 2
338 17
339 51
340 46
341 133
342 47
343 219
344 35
345 164
346 322
347 71
348 215
349 37
350 2
351 140
352 280
353 57
354 289
355 310
356 32
357 1
358 55
359 61
360 243
361 83
362 61
363 134
364 42
365 347
366 92
367 85
368 189
369 57
370 1
371 146
372 77
373 163
374 124
375 2
376 274
377 2
378 25
379 279
380 23
381 208
382 114
383 241
384 138
385 10
386 10
387 23
388 22
389 78
390 233
391 104
392 71
393 103
394 377
395 3
396 99
397 55
398 15
399 104
400 77
401 144
402 83
403 328
404 3
405 270
406 98
407 50
408 122
409 131
410 332
411 34
412 89
413 168
414 270
415 235
416 24
417 33
418 169
419 118
420 7
421 206
422 104
423 3
424 234
425 315
426 79
427 133
428 9
429 7
430 18
431 1
432 93
433 46
434 3
435 22
436 15
437 409
438 168
439 27
440 400
441 131
442 363
443 15
444 16
445 91
446 230
447 241
448 37
449 18
450 332
451 118
452 345
453 133
454 288
455 432
456 98
457 79
458 184
459 41
460 217
461 122
462 447
463 223
464 56
465 9
466 41
467 46
468 22
469 254
470 37
471 348
472 1
473 83
474 3
475 428
476 248
477 46
478 11
479 1
480 443
481 243
482 141
483 138
484 304
485 11
486 448
487 201
488 117
489 39
490 152
491 118
492 468
493 27
494 327
495 138
496 47
497 349
498 104
499 405
500 5
501 20
502 280
503 1
504 163
505 388
506 103
507 81
508 7
509 22
510 167
511 3
512 447
513 22
514 189
515 5
516 373
517 288
518 352
519 79
520 86
521 280
522 170
523 14
524 13
525 152
526 392
527 283
528 280
529 81
530 91
531 8
532 15
533 362
534 33
535 98
536 148
537 23
538 32
539 59
540 46
541 32
542 122
543 33
544 3
545 9
546 32
547 300
548 79
549 73
550 102
551 296
552 61
553 3
554 1
555 11
556 201
557 97
558 100
559 39
560 212
561 234
562 322
563 232
564 462
565 2
566 476
567 349
568 382
569 1
570 564
571 1
572 433
573 33
574 352
575 58
576 81
577 7
578 360
579 277
580 396
581 3
582 277
583 23
584 5
585 564
586 449
587 409
588 91
589 2
590 119
591 381
592 11
593 91
594 227
595 27
596 509
597 50
598 319
599 129
600 55
601 528
602 264
603 182
604 176
605 43
606 546
607 16
608 353
609 561
610 124
611 81
612 134
613 311
614 462
615 142
616 197
617 37
618 131
619 100
620 26
621 613
622 168
623 1
624 32
625 42
626 283
627 188
628 1
629 6
630 447
631 444
632 503
633 478
634 447
635 7
636 34
637 164
638 189
639 503
640 47
641 448
642 452
643 452
644 22
645 465
646 487
647 3
648 583
649 563
650 564
651 581
652 54
653 539
654 98
655 188
656 417
657 42
658 223
659 396
660 656
661 447
662 3
663 46
664 1
665 345
666 103
667 665
668 299
669 654
670 134
671 313
672 349
673 2
674 11
675 277
676 234
677 7
678 557
679 42
680 274
681 443
682 328
683 276
684 520
685 500
686 91
687 10
688 268
689 179
690 496
691 412
692 471
693 283
694 523
695 300
696 3
697 105
698 109
699 173
700 3
701 33
702 219
703 158
704 509
705 23
706 349
707 9
708 447
709 59
710 249
711 16
712 428
713 604
714 216
715 668
716 68
717 510
718 18
719 79
720 207
721 42
722 78
723 652
724 528
725 551
726 387
727 79
728 209
729 207
730 584
731 35
732 229
733 360
734 2
735 243
736 148
737 628
738 104
739 721
740 11
741 348
742 123
743 8
744 3
745 188
746 220
747 34
748 27
749 23
750 134
751 248
752 15
753 360
754 706
755 57
756 241
757 750
758 46
759 11
760 219
761 189
762 220
763 468
764 73
765 133
766 212
767 180
768 447
769 13
770 52
771 1
772 102
773 105
774 50
775 566
776 1
777 305
778 11
779 4
780 477
781 664
782 53
783 79
784 593
785 695
786 722
787 76
788 32
789 304
790 401
791 683
792 54
793 538
794 682
795 13
796 52
797 150
798 163
799 523
800 632
801 122
802 631
803 42
804 2
805 10
806 47
807 525
808 53
809 73
810 7
811 48
812 86
813 48
814 160
815 145
816 673
817 33
818 524
819 35
820 206
821 322
822 10
823 119
824 27
825 717
826 65
827 10
828 9
829 118
830 195
831 393
832 297
833 529
834 42
835 122
836 695
837 333
838 510
839 556
840 549
841 3
842 701
843 119
844 736
845 548
846 187
847 443
848 65
849 2
850 23
851 749
852 635
853 555
854 225
855 2
856 566
857 762
858 271
859 39
860 660
861 32
862 180
863 679
864 164
865 791
866 2
867 122
868 189
869 17
870 465
871 506
872 477
873 280
874 180
875 840
876 9
877 432
878 298
879 761
880 189
881 825
882 468
883 667
884 664
885 37
886 56
887 257
888 22
889 680
890 873
891 748
892 197
893 373
894 61
895 158
896 11
897 824
898 744
899 894
900 667
901 822
902 407
903 13
904 283
905 189
906 28
907 3
908 119
909 76
910 887
911 125
912 117
913 66
914 181
915 673
916 106
917 565
918 32
919 860
920 200
921 125
922 54
923 144
924 347
925 472
926 22
927 517
928 34
929 283
930 98
931 301
932 509
933 8
934 315
935 106
936 201
937 18
938 391
939 305
940 189
941 7
942 899
943 5
944 117
945 827
946 283
947 79
948 383
949 298
950 583
951 55
952 729
953 35
954 91
955 16
956 50
957 555
958 613
959 79
960 277
961 167
962 959
963 9
964 118
965 57
966 3
967 538
968 184
969 864
970 662
971 88
972 22
973 191
974 155
975 627
976 446
977 463
978 35
979 5
980 2
981 128
982 569
983 291
984 561
985 391
986 98
987 664
988 394
989 47
990 22
991 984
992 825
993 219
994 47
995 70
996 154
997 611
998 1
999 659
1000 78
1001 195
1002 538
1003 23
1004 59
1005 55
1006 526
1007 135
1008 517
1009 61
1010 297
1011 5
1012 22
1013 22
1014 666
1015 123
1016 5
1017 79
1018 666
1019 658
1020 379
1021 465
1022 889
1023 306
1024 746
1025 428
1026 1
1027 180
1028 127
1029 276
1030 821
1031 498
1032 371
1033 305
1034 658
1035 867
1036 416
1037 258
1038 482
1039 583
1040 852
1041 285
1042 564
1043 736
1044 7
1045 15
1046 907
1047 517
1048 887
1049 607
1050 118
1051 271
1052 515
1053 877
1054 446
1055 1
1056 14
1057 77
1058 10
1059 180
1060 223
1061 344
1062 246
1063 128
1064 647
1065 771
1066 2
1067 1065
1068 192
1069 861
1070 79
1071 362
1072 757
1073 876
1074 35
1075 643
1076 255
1077 723
1078 52
1079 2
1080 6
1081 98
1082 22
1083 18
1084 95
1085 762
1086 1068
1087 576
1088 551
1089 2
1090 137
1091 118
1092 448
1093 363
1094 131
1095 959
1096 1018
1097 1
1098 84
1099 818
1100 2
1101 1063
1102 137
1103 98
1104 683
1105 35
1106 560
1107 180
1108 102
1109 838
1110 328
1111 650
1112 35
1113 453
1114 412
1115 11
1116 34
1117 452
1118 229
1119 424
1120 354
1121 48
1122 1002
1123 33
1124 852
1125 473
1126 344
1127 2
1128 922
1129 418
1130 551
1131 42
1132 2
1133 959
1134 152
1135 958
1136 749
1137 2
1138 22
1139 14
1140 929
1141 273
1142 22
1143 1021
1144 978
1145 9
1146 37
1147 331
1148 9
1149 656
1150 189
1151 783
1152 2
1153 84
1154 269
1155 725
1156 819
1157 524
1158 667
1159 299
1160 29
1161 664
1162 517
1163 55
1164 384
1165 389
1166 27
1167 47
1168 3
1169 162
1170 443
1171 2
1172 209
1173 110
1174 992
1175 248
1176 574
1177 1103
1178 48
1179 664
1180 613
1181 13
1182 41
1183 5
1184 79
1185 625
1186 217
1187 722
1188 891
1189 1048
1190 181
1191 1167
1192 1108
1193 274
1194 84
1195 556
1196 288
1197 86
1198 724
1199 76
1200 1161
1201 864
1202 102
1203 826
1204 447
1205 16
1206 257
1207 471
1208 587
1209 189
1210 418
1211 33
1212 160
1213 566
1214 3
1215 249
1216 604
1217 48
1218 393
1219 55
1220 306
1221 41
1222 69
1223 515
1224 759
1225 467
1226 435
1227 9
1228 283
1229 1
1230 136
1231 1168
1232 471
1233 133
1234 901
1235 79
1236 79
1237 255
1238 1211
1239 136
1240 483
1241 124
1242 861
1243 729
1244 58
1245 280
1246 16
1247 424
1248 376
1249 102
1250 243
1251 465
1252 230
1253 448
1254 166
1255 461
1256 326
1257 10
1258 3
1259 538
1260 7
1261 1085
1262 1135
1263 217
1264 38
1265 38
1266 1004
1267 1184
1268 188
1269 37
1270 395
1271 70
1272 481
1273 735
1274 1273
1275 82
1276 323
1277 515
1278 1106
1279 1255
1280 797
1281 270
1282 431
1283 1119
1284 1039
1285 718
1286 860
1287 11
1288 16
1289 298
1290 237
1291 52
1292 1215
1293 887
1294 22
1295 37
1296 22
1297 421
1298 907
1299 211
1300 1167
1301 137
1302 631
1303 444
1304 1150
1305 201
1306 79
1307 50
1308 2
1309 1241
1310 561
1311 223
1312 47
1313 119
1314 1169
1315 59
1316 58
1317 70
1318 881
1319 936
1320 27
1321 775
1322 853
1323 144
1324 500
1325 76
1326 669
1327 509
1328 319
1329 517
1330 1002
1331 443
1332 1316
1333 373
1334 55
1335 131
1336 268
1337 144
1338 429
1339 55
1340 10
1341 777
1342 975
1343 1106
1344 92
1345 335
1346 561
1347 14
1348 721
1349 73
1350 959
1351 613
1352 3
1353 721
1354 156
1355 69
1356 719
1357 1093
1358 148
1359 443
1360 255
1361 144
1362 761
1363 37
1364 846
1365 187
1366 1346
1367 42
1368 1
1369 600
1370 798
1371 35
1372 1
1373 13
1374 109
1375 2
1376 1010
1377 2
1378 33
1379 8
1380 56
1381 1
1382 485
1383 168
1384 1064
1385 668
1386 127
1387 1184
1388 694
1389 746
1390 57
1391 489
1392 1320
1393 100
1394 827
1395 2
1396 945
1397 149
1398 938
1399 870
1400 10
1401 55
1402 788
1403 870
1404 816
1405 688
1406 78
1407 3
1408 42
1409 992
1410 133
1411 48
1412 49
1413 543
1414 137
1415 945
1416 435
1417 57
1418 219
1419 778
1420 189
1421 2
1422 35
1423 35
1424 1244
1425 588
1426 393
1427 145
1428 1421
1429 814
1430 91
1431 1326
1432 23
1433 180
1434 646
1435 656
1436 515
1437 13
1438 524
1439 55
1440 1002
1441 37
1442 1214
1443 1407
1444 576
1445 79
1446 68
1447 189
1448 1
1449 298
1450 1066
1451 207
1452 748
1453 552
1454 79
1455 48
1456 237
1457 735
1458 123
1459 1186
1460 690
1461 950
1462 9
1463 792
1464 864
1465 789
1466 86
1467 353
1468 24
1469 280
1470 14
1471 86
1472 9
1473 57
1474 71
1475 578
1476 717
1477 1404
1478 533
1479 16
1480 665
1481 48
1482 13
1483 816
1484 936
1485 1335
1486 431
1487 1168
1488 747
1489 37
1490 22
1491 59
1492 340
1493 553
1494 546
1495 79
1496 1384
1497 111
1498 1010
1499 1005
1500 1361
1501 517
1502 880
1503 103
1504 1003
1505 369
1506 13
1507 1163
1508 590
1509 838
1510 118
1511 8
1512 216
1513 1135
1514 118
1515 1123
1516 630
1517 100
1518 16
1519 43
1520 1167
1521 10
1522 601
1523 1478
1524 1368
1525 247
1526 81
1527 9
1528 76
1529 106
1530 111
1531 2
1532 898
1533 629
1534 1372
1535 673
1536 274
1537 288
1538 1311
1539 860
1540 556
1541 393
1542 407
1543 1123
1544 10
1545 373
1546 561
1547 874
1548 286
1549 1236
1550 236
1551 428
1552 737
1553 448
1554 1504
1555 1407
1556 92
1557 995
1558 14
1559 771
1560 1461
1561 946
1562 55
1563 613
1564 77
1565 201
1566 1003
1567 613
1568 365
1569 335
1570 163
1571 471
1572 84
1573 2
1574 1476
1575 2
1576 453
1577 763
1578 1086
1579 118
1580 47
1581 593
1582 245
1583 1411
1584 77
1585 66
1586 1242
1587 817
1588 180
1589 619
1590 1041
1591 936
1592 1297
1593 11
1594 555
1595 11
1596 864
1597 1338
1598 861
1599 120
1600 923
1601 1041
1602 29
1603 131
1604 557
1605 1400
1606 39
1607 176
1608 227
1609 915
1610 42
1611 791
1612 9
1613 52
1614 170
1615 1064
1616 77
1617 65
1618 395
1619 26
1620 721
1621 1235
1622 124
1623 304
1624 764
1625 86
1626 547
1627 13
1628 3
1629 473
1630 186
1631 1588
1632 234
1633 145
1634 1187
1635 1330
1636 180
1637 69
1638 761
1639 471
1640 399
1641 149
1642 221
1643 23
1644 511
1645 1116
1646 243
1647 42
1648 562
1649 207
1650 1639
1651 1409
1652 167
1653 864
1654 947
1655 1016
1656 933
1657 1417
1658 3
1659 280
1660 136
1661 163
1662 42
1663 1143
1664 179
1665 235
1666 711
1667 473
1668 697
1669 371
1670 2
1671 1619
1672 22
1673 1
1674 40
1675 170
1676 771
1677 18
1678 300
1679 2
1680 257
1681 1481
1682 10
1683 26
1684 1673
1685 11
1686 556
1687 1065
1688 1010
1689 1463
1690 481
1691 79
1692 11
1693 98
1694 631
1695 223
1696 128
1697 207
1698 914
1699 249
1700 694
1701 354
1702 684
1703 8
1704 1199
1705 337
1706 1168
1707 1353
1708 532
1709 1471
1710 207
1711 733
1712 471
1713 23
1714 901
1715 539
1716 1471
1717 118
1718 285
1719 948
1720 394
1721 98
1722 424
1723 3
1724 1546
1725 107
1726 40
1727 467
1728 9
1729 137
1730 304
1731 667
1732 1696
1733 593
1734 983
1735 1471
1736 22
1737 20
1738 3
1739 110
1740 1084
1741 1692
1742 120
1743 608
1744 1270
1745 81
1746 904
1747 196
1748 575
1749 646
1750 18
1751 632
1752 878
1753 189
1754 1753
1755 131
1756 838
1757 55
1758 1
1759 394
1760 52
1761 35
1762 609
1763 1532
1764 1215
1765 561
1766 1
1767 9
1768 1126
1769 449
1770 1450
1771 15
1772 1254
1773 56
1774 1325
1775 65
1776 1298
1777 746
1778 1546
1779 926
1780 296
1781 842
1782 57
1783 11
1784 1144
1785 1637
1786 1762
1787 118
1788 1577
1789 157
1790 29
1791 1274
1792 1362
1793 1509
1794 971
1795 349
1796 746
1797 986
1798 33
1799 81
1800 876
1801 1022
1802 114
1803 1371
1804 150
1805 52
1806 118
1807 110
1808 117
1809 2
1810 983
1811 381
1812 40
1813 1401
1814 593
1815 1623
1816 348
1817 132
1818 2
1819 959
1820 78
1821 877
1822 619
1823 1550
1824 1196
1825 531
1826 348
1827 664
1828 1209
1829 229
1830 1301
1831 1822
1832 276
1833 55
1834 448
1835 197
1836 119
1837 48
1838 502
1839 1558
1840 95
1841 1765
1842 647
1843 23
1844 1064
1845 5
1846 473
1847 1248
1848 638
1849 7
1850 1768
1851 804
1852 3
1853 118
1854 1450
1855 1521
1856 42
1857 1797
1858 1780
1859 1832
1860 757
1861 1663
1862 354
1863 814
1864 875
1865 7
1866 2
1867 33
1868 5
1869 1523
1870 517
1871 642
1872 1420
1873 523
1874 50
1875 570
1876 23
1877 1776
1878 1132
1879 2
1880 876
1881 856
1882 959
1883 422
1884 196
1885 1555
1886 270
1887 481
1888 468
1889 363
1890 15
1891 856
1892 33
1893 8
1894 1735
1895 343
1896 891
1897 65
1898 684
1899 1035
1900 15
1901 1133
1902 1244
1903 18
1904 64
1905 1802
1906 79
1907 802
1908 569
1909 255
1910 1186
1911 1710
1912 396
1913 1378
1914 16
1915 13
1916 1723
1917 406
1918 823
1919 904
1920 23
1921 40
1922 694
1923 360
1924 631
1925 32
1926 1103
1927 195
1928 529
1929 125
1930 169
1931 1623
1932 1125
1933 3
1934 1696
1935 73
1936 199
1937 201
1938 609
1939 1913
1940 1670
1941 18
1942 360
1943 81
1944 1250
1945 1761
1946 1035
1947 152
1948 858
1949 1049
1950 591
1951 1532
1952 180
1953 993
1954 1935
1955 656
1956 220
1957 279
1958 763
1959 1382
1960 934
1961 333
1962 1311
1963 13
1964 802
1965 1798
1966 789
1967 2
1968 10
1969 1
1970 125
1971 1717
1972 1671
1973 1
1974 936
1975 555
1976 255
1977 186
1978 424
1979 2
1980 79
1981 93
1982 11
1983 47
1984 1349
1985 275
1986 1597
1987 229
1988 1744
1989 7
1990 1980
1991 613
1992 1274
1993 285
1994 961
1995 260
1996 1654
1997 1402
1998 67
1999 335
2000 47
