2000
1 2
1 3
1 4
1 5
2 3
2 4
2 5
3 4
3 5
4 5
5 5
5 4
6 4
6 4
7 6
7 5
8 6
8 5
9 5
9 9
10 2
10 4
11 8
11 11
12 4
12 4
13 4
13 2
14 6
14 8
15 4
15 5
16 13
16 13
17 5
17 4
18 4
18 14
19 8
19 8
20 10
20 4
21 14
21 14
22 1
22 2
23 17
23 22
24 2
24 13
25 14
25 4
26 5
26 4
27 10
27 25
28 1
28 4
29 13
29 14
30 20
30 29
31 7
31 2
32 2
32 20
33 3
33 18
34 4
34 5
35 4
35 1
36 4
36 25
37 14
37 4
38 4
38 17
39 8
39 28
40 25
40 25
41 4
41 20
42 8
42 21
43 8
43 5
44 38
44 8
45 4
45 1
46 4
46 36
47 11
47 25
48 1
48 2
49 9
49 27
50 11
50 25
51 4
51 33
52 38
52 5
53 3
53 20
54 8
54 2
55 10
55 48
56 7
56 26
57 4
57 4
58 5
58 4
59 34
59 8
60 14
60 4
61 5
61 25
62 23
62 55
63 45
63 5
64 4
64 4
65 18
65 36
66 45
66 26
67 14
67 8
68 55
68 5
69 25
69 27
70 2
70 8
71 4
71 4
72 10
72 63
73 31
73 70
74 61
74 8
75 14
75 15
76 4
76 24
77 8
77 33
78 25
78 64
79 4
79 51
80 49
80 77
81 46
81 29
82 4
82 73
83 5
83 26
84 3
84 2
85 3
85 7
86 30
86 4
87 13
87 31
88 18
88 4
89 39
89 36
90 10
90 7
91 77
91 14
92 36
92 4
93 6
93 24
94 56
94 89
95 74
95 39
96 4
96 24
97 14
97 11
98 3
98 25
99 8
99 3
100 34
100 36
101 45
101 18
102 10
102 14
103 10
103 29
104 5
104 3
105 97
105 4
106 7
106 94
107 80
107 40
108 43
108 20
109 52
109 61
110 60
110 89
111 8
111 60
112 87
112 25
113 13
113 4
114 2
114 11
115 5
115 45
116 5
116 3
117 8
117 26
118 76
118 5
119 4
119 10
120 51
120 5
121 4
121 4
122 60
122 5
123 8
123 11
124 83
124 33
125 5
125 84
126 4
126 5
127 4
127 61
128 49
128 45
129 5
129 45
130 104
130 97
131 14
131 5
132 93
132 1
133 16
133 3
134 130
134 130
135 2
135 5
136 3
136 21
137 3
137 24
138 135
138 24
139 38
139 13
140 3
140 105
141 38
141 87
142 85
142 1
143 74
143 108
144 127
144 61
145 111
145 80
146 61
146 60
147 64
147 38
148 64
148 26
149 52
149 8
150 2
150 45
151 112
151 34
152 25
152 55
153 13
153 62
154 89
154 5
155 153
155 147
156 25
156 12
157 58
157 134
158 34
158 94
159 70
159 112
160 145
160 130
161 25
161 68
162 4
162 25
163 33
163 84
164 116
164 23
165 93
165 8
166 102
166 7
167 3
167 4
168 14
168 8
169 14
169 85
170 153
170 90
171 116
171 153
172 45
172 104
173 1
173 24
174 14
174 150
175 110
175 97
176 95
176 36
177 36
177 163
178 77
178 31
179 84
179 135
180 4
180 5
181 46
181 18
182 8
182 33
183 13
183 4
184 3
184 49
185 10
185 3
186 9
186 153
187 30
187 55
188 3
188 3
189 61
189 175
190 29
190 13
191 18
191 43
192 58
192 26
193 61
193 38
194 116
194 118
195 14
195 43
196 181
196 1
197 9
197 157
198 176
198 8
199 8
199 61
200 20
200 13
201 35
201 118
202 175
202 14
203 82
203 94
204 31
204 9
205 30
205 11
206 68
206 104
207 20
207 95
208 1
208 73
209 4
209 202
210 37
210 33
211 45
211 2
212 35
212 35
213 14
213 153
214 83
214 35
215 6
215 114
216 33
216 42
217 1
217 184
218 102
218 38
219 160
219 31
220 21
220 4
221 20
221 14
222 10
222 18
223 107
223 175
224 68
224 181
225 8
225 55
226 4
226 36
227 145
227 73
228 17
228 151
229 192
229 228
230 18
230 37
231 133
231 49
232 200
232 148
233 103
233 16
234 4
234 1
235 73
235 154
236 13
236 104
237 8
237 4
238 230
238 4
239 166
239 38
240 5
240 14
241 31
241 3
242 155
242 138
243 32
243 181
244 7
244 79
245 4
245 136
246 4
246 3
247 97
247 83
248 245
248 54
249 13
249 10
250 106
250 25
251 14
251 249
252 13
252 40
253 33
253 131
254 163
254 52
255 32
255 192
256 230
256 133
257 147
257 87
258 153
258 12
259 5
259 13
260 55
260 165
261 195
261 100
262 177
262 4
263 18
263 62
264 3
264 84
265 20
265 105
266 25
266 8
267 73
267 135
268 45
268 93
269 51
269 35
270 66
270 45
271 63
271 258
272 151
272 13
273 13
273 78
274 57
274 269
275 13
275 8
276 104
276 206
277 4
277 101
278 140
278 7
279 80
279 242
280 8
280 169
281 238
281 69
282 97
282 2
283 4
283 126
284 14
284 17
285 111
285 33
286 255
286 52
287 76
287 17
288 35
288 154
289 25
289 97
290 192
290 18
291 270
291 63
292 2
292 11
293 43
293 249
294 292
294 32
295 8
295 3
296 30
296 51
297 219
297 208
298 89
298 97
299 141
299 35
300 6
300 188
301 11
301 78
302 162
302 32
303 58
303 71
304 4
304 230
305 49
305 264
306 233
306 87
307 171
307 87
308 3
308 133
309 4
309 300
310 255
310 177
311 85
311 4
312 151
312 153
313 256
313 258
314 112
314 1
315 8
315 8
316 21
316 201
317 6
317 67
318 242
318 183
319 34
319 31
320 61
320 291
321 92
321 3
322 41
322 28
323 163
323 52
324 296
324 181
325 314
325 70
326 186
326 139
327 100
327 213
328 38
328 26
329 25
329 10
330 235
330 302
331 38
331 163
332 310
332 14
333 10
333 322
334 52
334 3
335 14
335 179
336 56
336 174
337 145
337 215
338 200
338 7
339 37
339 4
340 45
340 252
341 35
341 266
342 40
342 64
343 155
343 327
344 79
344 3
345 17
345 141
346 274
346 246
347 99
347 182
348 38
348 103
349 9
349 49
350 245
350 82
351 5
351 320
352 338
352 1
353 319
353 12
354 2
354 155
355 34
355 277
356 4
356 38
357 128
357 273
358 13
358 45
359 311
359 20
360 3
360 7
361 131
361 18
362 97
362 200
363 5
363 4
364 38
364 90
365 83
365 8
366 4
366 94
367 2
367 33
368 239
368 33
369 74
369 93
370 146
370 369
371 31
371 35
372 74
372 68
373 217
373 116
374 14
374 233
375 238
375 324
376 4
376 246
377 9
377 222
378 199
378 230
379 312
379 107
380 31
380 3
381 112
381 66
382 1
382 8
383 13
383 242
384 274
384 31
385 92
385 4
386 279
386 33
387 230
387 95
388 105
388 54
389 198
389 18
390 111
390 214
391 203
391 11
392 303
392 12
393 71
393 366
394 258
394 195
395 5
395 230
396 146
396 8
397 128
397 271
398 4
398 395
399 323
399 20
400 14
400 77
401 135
401 4
402 26
402 1
403 4
403 110
404 206
404 208
405 117
405 244
406 97
406 94
407 59
407 4
408 5
408 3
409 157
409 5
410 129
410 14
411 4
411 189
412 84
412 4
413 31
413 35
414 80
414 63
415 40
415 2
416 61
416 14
417 89
417 38
418 131
418 298
419 59
419 60
420 80
420 153
421 68
421 106
422 322
422 188
423 95
423 245
424 136
424 388
425 5
425 33
426 6
426 230
427 363
427 4
428 8
428 366
429 374
429 47
430 33
430 33
431 69
431 184
432 4
432 20
433 9
433 9
434 415
434 155
435 6
435 180
436 1
436 26
437 174
437 169
438 29
438 416
439 250
439 4
440 15
440 17
441 4
441 3
442 341
442 111
443 311
443 42
444 4
444 6
445 4
445 230
446 26
446 315
447 89
447 34
448 3
448 104
449 109
449 306
450 38
450 278
451 442
451 5
452 366
452 22
453 10
453 440
454 353
454 35
455 58
455 18
456 14
456 2
457 279
457 11
458 127
458 119
459 101
459 4
460 196
460 262
461 206
461 221
462 5
462 174
463 35
463 26
464 450
464 14
465 4
465 92
466 365
466 373
467 334
467 8
468 8
468 43
469 127
469 170
470 265
470 440
471 455
471 45
472 14
472 220
473 26
473 60
474 340
474 233
475 196
475 10
476 16
476 40
477 52
477 296
478 84
478 4
479 5
479 34
480 7
480 195
481 426
481 276
482 2
482 17
483 42
483 367
484 314
484 378
485 145
485 142
486 202
486 14
487 72
487 33
488 5
488 104
489 71
489 303
490 5
490 477
491 26
491 247
492 365
492 258
493 230
493 8
494 77
494 181
495 4
495 111
496 52
496 300
497 82
497 4
498 154
498 436
499 18
499 92
500 232
500 160
501 116
501 104
502 200
502 87
503 78
503 271
504 81
504 480
505 45
505 503
506 4
506 175
507 109
507 36
508 5
508 38
509 25
509 182
510 31
510 45
511 3
511 448
512 2
512 151
513 243
513 116
514 98
514 26
515 202
515 6
516 41
516 230
517 504
517 99
518 4
518 349
519 134
519 292
520 104
520 2
521 247
521 101
522 262
522 136
523 374
523 373
524 36
524 352
525 25
525 99
526 79
526 140
527 9
527 366
528 178
528 155
529 10
529 517
530 117
530 3
531 25
531 102
532 325
532 201
533 89
533 10
534 182
534 490
535 31
535 409
536 95
536 503
537 17
537 139
538 135
538 14
539 60
539 238
540 128
540 118
541 482
541 33
542 497
542 4
543 173
543 238
544 17
544 74
545 311
545 232
546 519
546 397
547 84
547 45
548 309
548 4
549 298
549 55
550 4
550 11
551 89
551 119
552 523
552 552
553 4
553 31
554 247
554 49
555 232
555 8
556 8
556 45
557 265
557 355
558 488
558 106
559 256
559 309
560 104
560 131
561 377
561 417
562 251
562 416
563 8
563 375
564 440
564 10
565 8
565 2
566 310
566 18
567 104
567 514
568 59
568 351
569 292
569 165
570 97
570 142
571 239
571 41
572 3
572 14
573 8
573 184
574 258
574 151
575 69
575 60
576 304
576 80
577 5
577 161
578 24
578 233
579 395
579 192
580 17
580 31
581 6
581 306
582 12
582 236
583 2
583 226
584 157
584 245
585 26
585 8
586 406
586 25
587 146
587 277
588 505
588 176
589 1
589 303
590 170
590 460
591 4
591 499
592 216
592 11
593 543
593 114
594 397
594 5
595 568
595 211
596 80
596 556
597 238
597 224
598 452
598 101
599 30
599 372
600 63
600 80
601 85
601 41
602 87
602 310
603 8
603 8
604 2
604 104
605 104
605 239
606 83
606 300
607 523
607 5
608 231
608 456
609 59
609 190
610 192
610 322
611 577
611 30
612 355
612 3
613 8
613 8
614 146
614 70
615 434
615 2
616 5
616 192
617 25
617 146
618 532
618 596
619 69
619 20
620 375
620 61
621 18
621 36
622 252
622 8
623 253
623 168
624 238
624 7
625 465
625 55
626 349
626 130
627 611
627 573
628 174
628 135
629 59
629 1
630 155
630 270
631 43
631 5
632 239
632 59
633 5
633 111
634 107
634 584
635 157
635 203
636 15
636 533
637 463
637 5
638 49
638 467
639 345
639 37
640 112
640 362
641 4
641 139
642 38
642 79
643 617
643 539
644 566
644 642
645 77
645 34
646 192
646 202
647 574
647 6
648 602
648 361
649 38
649 33
650 88
650 45
651 26
651 511
652 528
652 300
653 38
653 14
654 159
654 17
655 80
655 570
656 10
656 451
657 92
657 501
658 621
658 576
659 494
659 90
660 375
660 288
661 487
661 420
662 45
662 611
663 80
663 4
664 55
664 77
665 510
665 153
666 203
666 184
667 142
667 153
668 249
668 330
669 4
669 246
670 75
670 587
671 461
671 425
672 4
672 51
673 325
673 345
674 616
674 222
675 4
675 264
676 5
676 69
677 477
677 94
678 103
678 109
679 8
679 626
680 181
680 4
681 455
681 532
682 468
682 6
683 12
683 524
684 420
684 4
685 4
685 26
686 3
686 403
687 301
687 593
688 1
688 401
689 327
689 497
690 512
690 551
691 222
691 664
692 4
692 113
693 220
693 131
694 26
694 611
695 8
695 33
696 25
696 250
697 173
697 8
698 595
698 157
699 246
699 192
700 38
700 624
701 258
701 196
702 3
702 539
703 245
703 298
704 499
704 499
705 514
705 401
706 514
706 308
707 175
707 155
708 479
708 407
709 387
709 602
710 18
710 506
711 381
711 477
712 222
712 4
713 188
713 405
714 33
714 296
715 84
715 3
716 245
716 507
717 111
717 442
718 634
718 217
719 334
719 281
720 667
720 5
721 69
721 31
722 277
722 20
723 111
723 358
724 26
724 88
725 502
725 390
726 395
726 1
727 18
727 1
728 397
728 182
729 642
729 188
730 4
730 169
731 495
731 609
732 4
732 274
733 5
733 110
734 221
734 26
735 148
735 475
736 247
736 503
737 539
737 17
738 4
738 115
739 100
739 278
740 349
740 130
741 141
741 78
742 2
742 110
743 55
743 375
744 388
744 737
745 665
745 18
746 61
746 36
747 71
747 5
748 4
748 248
749 383
749 725
750 266
750 416
751 379
751 3
752 692
752 495
753 104
753 45
754 106
754 14
755 475
755 35
756 611
756 708
757 732
757 92
758 4
758 594
759 111
759 749
760 468
760 309
761 2
761 416
762 379
762 40
763 236
763 534
764 35
764 381
765 191
765 235
766 166
766 742
767 204
767 277
768 737
768 557
769 134
769 116
770 2
770 322
771 5
771 499
772 59
772 101
773 617
773 13
774 310
774 111
775 10
775 401
776 42
776 94
777 34
777 63
778 611
778 210
779 604
779 111
780 63
780 413
781 134
781 274
782 457
782 192
783 78
783 241
784 611
784 14
785 521
785 717
786 5
786 5
787 404
787 611
788 626
788 136
789 22
789 667
790 5
790 77
791 272
791 5
792 11
792 181
793 61
793 311
794 142
794 431
795 420
795 4
796 308
796 251
797 4
797 204
798 26
798 4
799 38
799 104
800 604
800 769
801 482
801 266
802 387
802 499
803 183
803 390
804 7
804 38
805 5
805 15
806 310
806 540
807 677
807 4
808 564
808 569
809 25
809 8
810 7
810 70
811 161
811 146
812 546
812 710
813 806
813 543
814 800
814 111
815 7
815 434
816 107
816 104
817 752
817 632
818 220
818 130
819 106
819 406
820 395
820 457
821 18
821 131
822 479
822 437
823 22
823 70
824 192
824 473
825 8
825 610
826 367
826 570
827 573
827 730
828 20
828 723
829 9
829 135
830 4
830 511
831 617
831 811
832 112
832 374
833 819
833 32
834 1
834 9
835 571
835 4
836 622
836 230
837 365
837 326
838 330
838 155
839 421
839 524
840 237
840 79
841 4
841 11
842 303
842 400
843 45
843 17
844 312
844 494
845 503
845 69
846 164
846 112
847 453
847 230
848 49
848 3
849 803
849 495
850 661
850 241
851 199
851 606
852 244
852 4
853 479
853 27
854 202
854 256
855 217
855 25
856 182
856 7
857 251
857 278
858 641
858 202
859 358
859 73
860 292
860 36
861 172
861 745
862 826
862 421
863 790
863 347
864 49
864 851
865 573
865 304
866 540
866 499
867 504
867 395
868 346
868 625
869 399
869 407
870 36
870 528
871 6
871 808
872 17
872 360
873 803
873 272
874 38
874 442
875 184
875 4
876 416
876 412
877 628
877 665
878 872
878 266
879 505
879 808
880 134
880 85
881 656
881 1
882 480
882 67
883 56
883 87
884 61
884 828
885 38
885 13
886 153
886 4
887 4
887 209
888 340
888 299
889 14
889 734
890 286
890 783
891 85
891 7
892 26
892 573
893 851
893 677
894 74
894 440
895 236
895 536
896 389
896 30
897 894
897 186
898 4
898 157
899 55
899 495
900 692
900 499
901 82
901 292
902 102
902 236
903 786
903 87
904 885
904 560
905 545
905 3
906 650
906 723
907 38
907 314
908 130
908 45
909 127
909 2
910 428
910 153
911 790
911 179
912 610
912 25
913 14
913 609
914 8
914 74
915 7
915 166
916 359
916 8
917 26
917 36
918 153
918 3
919 314
919 4
920 153
920 409
921 129
921 32
922 533
922 901
923 131
923 640
924 17
924 40
925 105
925 115
926 400
926 26
927 381
927 38
928 497
928 611
929 241
929 401
930 230
930 356
931 702
931 833
932 585
932 514
933 387
933 73
934 236
934 278
935 83
935 136
936 598
936 694
937 111
937 313
938 369
938 87
939 4
939 539
940 3
940 562
941 82
941 771
942 673
942 698
943 112
943 49
944 68
944 420
945 815
945 753
946 176
946 642
947 63
947 4
948 416
948 440
949 796
949 174
950 25
950 17
951 4
951 14
952 22
952 663
953 310
953 367
954 8
954 8
955 562
955 82
956 79
956 533
957 111
957 70
958 3
958 666
959 706
959 31
960 366
960 551
961 7
961 125
962 511
962 258
963 297
963 301
964 569
964 157
965 258
965 879
966 574
966 416
967 131
967 322
968 792
968 305
969 246
969 566
970 366
970 262
971 398
971 109
972 25
972 34
973 201
973 111
974 542
974 645
975 137
975 7
976 465
976 4
977 1
977 808
978 17
978 25
979 573
979 298
980 258
980 841
981 625
981 546
982 551
982 10
983 297
983 182
984 601
984 120
985 444
985 8
986 16
986 163
987 505
987 8
988 278
988 32
989 461
989 76
990 513
990 272
991 224
991 506
992 626
992 508
993 3
993 411
994 712
994 851
995 721
995 133
996 50
996 1
997 505
997 506
998 194
998 453
999 418
999 703
1000 184
1000 50
1001 908
1001 104
1002 75
1002 65
1003 260
1003 9
1004 859
1004 110
1005 738
1005 91
1006 948
1006 673
1007 74
1007 2
1008 765
1008 4
1009 107
1009 89
1010 151
1010 4
1011 287
1011 133
1012 80
1012 613
1013 5
1013 828
1014 4
1014 105
1015 706
1015 1
1016 840
1016 156
1017 200
1017 213
1018 4
1018 228
1019 108
1019 251
1020 4
1020 175
1021 76
1021 560
1022 521
1022 1002
1023 474
1023 2
1024 814
1024 960
1025 255
1025 513
1026 150
1026 431
1027 593
1027 4
1028 7
1028 10
1029 126
1029 53
1030 4
1030 241
1031 877
1031 651
1032 200
1032 64
1033 8
1033 264
1034 751
1034 112
1035 4
1035 112
1036 206
1036 679
1037 280
1037 192
1038 373
1038 375
1039 408
1039 217
1040 482
1040 973
1041 380
1041 961
1042 819
1042 396
1043 192
1043 141
1044 496
1044 176
1045 80
1045 566
1046 7
1046 4
1047 245
1047 606
1048 377
1048 162
1049 196
1049 314
1050 40
1050 14
1051 941
1051 926
1052 673
1052 303
1053 683
1053 174
1054 901
1054 239
1055 214
1055 12
1056 400
1056 630
1057 300
1057 134
1058 238
1058 1051
1059 617
1059 27
1060 130
1060 3
1061 369
1061 737
1062 36
1062 299
1063 1028
1063 45
1064 103
1064 391
1065 104
1065 626
1066 112
1066 499
1067 53
1067 275
1068 83
1068 811
1069 398
1069 769
1070 687
1070 73
1071 34
1071 16
1072 504
1072 42
1073 1056
1073 794
1074 4
1074 234
1075 8
1075 457
1076 501
1076 298
1077 148
1077 145
1078 348
1078 406
1079 673
1079 217
1080 814
1080 851
1081 296
1081 561
1082 84
1082 4
1083 5
1083 97
1084 769
1084 5
1085 975
1085 587
1086 302
1086 1059
1087 3
1087 169
1088 698
1088 815
1089 135
1089 89
1090 562
1090 645
1091 280
1091 566
1092 800
1092 3
1093 300
1093 7
1094 739
1094 19
1095 4
1095 1064
1096 235
1096 311
1097 4
1097 857
1098 751
1098 907
1099 302
1099 21
1100 89
1100 100
1101 82
1101 26
1102 773
1102 786
1103 673
1103 175
1104 29
1104 927
1105 63
1105 275
1106 522
1106 1047
1107 14
1107 53
1108 327
1108 59
1109 51
1109 101
1110 84
1110 687
1111 4
1111 705
1112 89
1112 1000
1113 342
1113 6
1114 1029
1114 32
1115 120
1115 8
1116 34
1116 1014
1117 153
1117 641
1118 562
1118 75
1119 10
1119 21
1120 860
1120 178
1121 1
1121 399
1122 371
1122 786
1123 927
1123 134
1124 91
1124 178
1125 546
1125 800
1126 556
1126 13
1127 112
1127 621
1128 497
1128 314
1129 595
1129 61
1130 749
1130 5
1131 334
1131 879
1132 405
1132 694
1133 8
1133 920
1134 162
1134 878
1135 656
1135 3
1136 228
1136 504
1137 505
1137 8
1138 175
1138 125
1139 446
1139 999
1140 191
1140 466
1141 783
1141 5
1142 36
1142 85
1143 97
1143 976
1144 242
1144 478
1145 315
1145 204
1146 682
1146 292
1147 145
1147 782
1148 14
1148 115
1149 135
1149 507
1150 87
1150 169
1151 795
1151 53
1152 258
1152 49
1153 245
1153 479
1154 495
1154 905
1155 116
1155 135
1156 421
1156 886
1157 504
1157 178
1158 786
1158 25
1159 397
1159 316
1160 320
1160 463
1161 175
1161 104
1162 6
1162 102
1163 26
1163 1097
1164 786
1164 77
1165 619
1165 787
1166 8
1166 456
1167 1118
1167 52
1168 107
1168 394
1169 958
1169 248
1170 130
1170 94
1171 1040
1171 87
1172 440
1172 150
1173 1108
1173 786
1174 25
1174 539
1175 377
1175 748
1176 141
1176 2
1177 341
1177 20
1178 8
1178 265
1179 256
1179 1101
1180 395
1180 7
1181 970
1181 9
1182 2
1182 158
1183 665
1183 632
1184 421
1184 8
1185 426
1185 175
1186 1155
1186 127
1187 26
1187 166
1188 735
1188 142
1189 657
1189 13
1190 970
1190 4
1191 787
1191 611
1192 112
1192 266
1193 52
1193 625
1194 541
1194 4
1195 242
1195 172
1196 102
1196 323
1197 30
1197 316
1198 836
1198 751
1199 751
1199 739
1200 509
1200 89
1201 827
1201 1194
1202 1075
1202 63
1203 59
1203 242
1204 67
1204 535
1205 249
1205 282
1206 853
1206 925
1207 854
1207 503
1208 479
1208 104
1209 108
1209 926
1210 495
1210 4
1211 488
1211 13
1212 4
1212 30
1213 33
1213 1020
1214 65
1214 829
1215 35
1215 38
1216 523
1216 211
1217 111
1217 314
1218 1108
1218 920
1219 1093
1219 1037
1220 32
1220 937
1221 559
1221 148
1222 230
1222 30
1223 1043
1223 685
1224 1159
1224 9
1225 142
1225 13
1226 134
1226 1041
1227 379
1227 983
1228 4
1228 98
1229 576
1229 787
1230 5
1230 4
1231 4
1231 104
1232 4
1232 1087
1233 611
1233 23
1234 104
1234 103
1235 94
1235 428
1236 497
1236 104
1237 246
1237 864
1238 1
1238 77
1239 15
1239 495
1240 1140
1240 41
1241 3
1241 4
1242 38
1242 181
1243 701
1243 6
1244 1
1244 1240
1245 835
1245 692
1246 13
1246 276
1247 366
1247 31
1248 73
1248 25
1249 59
1249 112
1250 969
1250 340
1251 573
1251 614
1252 1211
1252 117
1253 210
1253 4
1254 814
1254 1159
1255 181
1255 869
1256 155
1256 539
1257 1
1257 1077
1258 1245
1258 1154
1259 434
1259 95
1260 396
1260 884
1261 8
1261 132
1262 1145
1262 1
1263 94
1263 366
1264 202
1264 26
1265 940
1265 31
1266 595
1266 253
1267 983
1267 18
1268 892
1268 258
1269 99
1269 91
1270 4
1270 24
1271 792
1271 829
1272 640
1272 626
1273 145
1273 38
1274 528
1274 12
1275 163
1275 1142
1276 55
1276 206
1277 338
1277 510
1278 34
1278 633
1279 528
1279 1161
1280 327
1280 250
1281 231
1281 528
1282 457
1282 17
1283 1244
1283 765
1284 893
1284 1230
1285 70
1285 260
1286 472
1286 42
1287 1241
1287 120
1288 851
1288 1043
1289 522
1289 248
1290 78
1290 864
1291 769
1291 549
1292 97
1292 883
1293 238
1293 813
1294 5
1294 1256
1295 599
1295 296
1296 8
1296 55
1297 569
1297 77
1298 612
1298 4
1299 298
1299 1294
1300 97
1300 1159
1301 4
1301 27
1302 624
1302 1083
1303 1132
1303 873
1304 1084
1304 407
1305 4
1305 922
1306 505
1306 1260
1307 139
1307 288
1308 522
1308 18
1309 409
1309 36
1310 6
1310 1230
1311 175
1311 212
1312 925
1312 939
1313 617
1313 2
1314 41
1314 169
1315 396
1315 938
1316 1311
1316 404
1317 1144
1317 698
1318 1014
1318 997
1319 2
1319 410
1320 192
1320 181
1321 14
1321 133
1322 693
1322 243
1323 4
1323 908
1324 977
1324 1087
1325 242
1325 300
1326 751
1326 17
1327 1287
1327 1106
1328 507
1328 8
1329 4
1329 625
1330 1322
1330 1136
1331 135
1331 1119
1332 248
1332 811
1333 1128
1333 399
1334 178
1334 1087
1335 8
1335 102
1336 166
1336 247
1337 655
1337 77
1338 199
1338 4
1339 8
1339 1043
1340 656
1340 323
1341 715
1341 273
1342 91
1342 182
1343 188
1343 69
1344 151
1344 25
1345 14
1345 1096
1346 236
1346 5
1347 135
1347 4
1348 250
1348 99
1349 18
1349 4
1350 63
1350 611
1351 91
1351 1135
1352 1192
1352 2
1353 14
1353 150
1354 155
1354 3
1355 706
1355 743
1356 1084
1356 791
1357 153
1357 3
1358 235
1358 928
1359 448
1359 4
1360 15
1360 127
1361 21
1361 1264
1362 340
1362 339
1363 242
1363 857
1364 4
1364 166
1365 822
1365 111
1366 1064
1366 1288
1367 898
1367 3
1368 292
1368 136
1369 6
1369 1
1370 827
1370 26
1371 608
1371 446
1372 415
1372 841
1373 4
1373 733
1374 1036
1374 311
1375 31
1375 6
1376 1232
1376 185
1377 13
1377 445
1378 5
1378 667
1379 190
1379 585
1380 765
1380 264
1381 969
1381 609
1382 1057
1382 1066
1383 792
1383 340
1384 13
1384 69
1385 1227
1385 1210
1386 4
1386 1069
1387 4
1387 216
1388 11
1388 657
1389 302
1389 1119
1390 863
1390 5
1391 56
1391 407
1392 174
1392 1248
1393 68
1393 530
1394 46
1394 685
1395 882
1395 4
1396 787
1396 125
1397 819
1397 10
1398 1341
1398 17
1399 869
1399 302
1400 169
1400 1136
1401 11
1401 673
1402 576
1402 370
1403 795
1403 264
1404 1180
1404 1048
1405 418
1405 1161
1406 737
1406 614
1407 538
1407 127
1408 1255
1408 470
1409 442
1409 581
1410 666
1410 204
1411 336
1411 1127
1412 4
1412 417
1413 110
1413 247
1414 373
1414 664
1415 1090
1415 624
1416 2
1416 4
1417 804
1417 816
1418 10
1418 292
1419 74
1419 946
1420 4
1420 1306
1421 506
1421 771
1422 373
1422 628
1423 1058
1423 335
1424 393
1424 378
1425 296
1425 202
1426 1298
1426 370
1427 35
1427 989
1428 570
1428 806
1429 4
1429 192
1430 816
1430 495
1431 10
1431 1179
1432 977
1432 453
1433 300
1433 1316
1434 3
1434 692
1435 501
1435 140
1436 5
1436 792
1437 1104
1437 363
1438 45
1438 1227
1439 49
1439 456
1440 813
1440 663
1441 454
1441 562
1442 398
1442 1153
1443 274
1443 1148
1444 148
1444 20
1445 104
1445 1395
1446 648
1446 352
1447 814
1447 934
1448 721
1448 1370
1449 792
1449 587
1450 1270
1450 856
1451 110
1451 4
1452 1303
1452 1243
1453 1
1453 564
1454 920
1454 615
1455 114
1455 903
1456 5
1456 26
1457 889
1457 102
1458 29
1458 853
1459 131
1459 1104
1460 915
1460 759
1461 1262
1461 508
1462 56
1462 532
1463 903
1463 4
1464 42
1464 539
1465 6
1465 1224
1466 389
1466 235
1467 624
1467 181
1468 1268
1468 1259
1469 2
1469 78
1470 271
1470 192
1471 67
1471 1078
1472 181
1472 94
1473 4
1473 324
1474 468
1474 1
1475 5
1475 24
1476 68
1476 1440
1477 111
1477 827
1478 2
1478 212
1479 246
1479 786
1480 24
1480 786
1481 754
1481 153
1482 622
1482 299
1483 4
1483 42
1484 32
1484 97
1485 33
1485 1127
1486 431
1486 1476
1487 470
1487 1449
1488 4
1488 832
1489 14
1489 7
1490 659
1490 528
1491 1102
1491 787
1492 898
1492 63
1493 2
1493 493
1494 269
1494 1395
1495 48
1495 258
1496 723
1496 617
1497 814
1497 100
1498 26
1498 702
1499 163
1499 14
1500 157
1500 1061
1501 61
1501 867
1502 1344
1502 956
1503 4
1503 6
1504 496
1504 643
1505 1347
1505 645
1506 864
1506 536
1507 224
1507 15
1508 374
1508 306
1509 4
1509 1229
1510 1047
1510 25
1511 853
1511 340
1512 889
1512 104
1513 120
1513 131
1514 1179
1514 292
1515 1327
1515 26
1516 29
1516 1447
1517 496
1517 410
1518 4
1518 308
1519 78
1519 649
1520 977
1520 1140
1521 1401
1521 372
1522 945
1522 787
1523 701
1523 1065
1524 787
1524 1071
1525 246
1525 84
1526 1494
1526 309
1527 1390
1527 1411
1528 33
1528 45
1529 2
1529 76
1530 259
1530 33
1531 14
1531 145
1532 860
1532 1140
1533 415
1533 747
1534 503
1534 1065
1535 440
1535 135
1536 134
1536 1003
1537 108
1537 7
1538 1292
1538 1135
1539 488
1539 130
1540 304
1540 47
1541 25
1541 92
1542 753
1542 55
1543 117
1543 759
1544 1429
1544 1456
1545 192
1545 1076
1546 13
1546 470
1547 737
1547 80
1548 316
1548 4
1549 559
1549 77
1550 364
1550 1120
1551 196
1551 1054
1552 30
1552 811
1553 239
1553 701
1554 670
1554 127
1555 747
1555 1384
1556 306
1556 766
1557 582
1557 1047
1558 33
1558 913
1559 148
1559 349
1560 87
1560 115
1561 4
1561 641
1562 18
1562 136
1563 900
1563 29
1564 483
1564 291
1565 1244
1565 14
1566 785
1566 760
1567 4
1567 579
1568 4
1568 1534
1569 47
1569 105
1570 182
1570 780
1571 282
1571 1368
1572 106
1572 5
1573 813
1573 14
1574 793
1574 427
1575 1192
1575 292
1576 51
1576 732
1577 864
1577 787
1578 717
1578 6
1579 825
1579 795
1580 182
1580 104
1581 263
1581 580
1582 886
1582 35
1583 257
1583 140
1584 835
1584 1358
1585 390
1585 337
1586 135
1586 1174
1587 36
1587 5
1588 1377
1588 263
1589 181
1589 947
1590 463
1590 35
1591 105
1591 409
1592 258
1592 1414
1593 63
1593 783
1594 937
1594 969
1595 1030
1595 8
1596 224
1596 258
1597 463
1597 136
1598 302
1598 95
1599 1074
1599 347
1600 1375
1600 1195
1601 4
1601 142
1602 1379
1602 1036
1603 569
1603 270
1604 96
1604 3
1605 641
1605 1208
1606 104
1606 15
1607 701
1607 189
1608 43
1608 22
1609 353
1609 809
1610 1253
1610 160
1611 864
1611 24
1612 1484
1612 247
1613 3
1613 153
1614 801
1614 368
1615 65
1615 1318
1616 983
1616 135
1617 514
1617 609
1618 112
1618 895
1619 5
1619 38
1620 25
1620 310
1621 631
1621 1575
1622 74
1622 52
1623 211
1623 1059
1624 163
1624 522
1625 80
1625 1579
1626 1542
1626 228
1627 31
1627 153
1628 117
1628 1595
1629 859
1629 131
1630 157
1630 1530
1631 8
1631 809
1632 339
1632 829
1633 4
1633 1024
1634 181
1634 232
1635 87
1635 630
1636 706
1636 302
1637 7
1637 14
1638 74
1638 658
1639 173
1639 160
1640 503
1640 1502
1641 19
1641 1
1642 15
1642 64
1643 972
1643 33
1644 372
1644 457
1645 8
1645 127
1646 435
1646 590
1647 737
1647 334
1648 1106
1648 440
1649 1445
1649 64
1650 1568
1650 335
1651 1196
1651 38
1652 25
1652 512
1653 34
1653 901
1654 10
1654 47
1655 741
1655 1
1656 1479
1656 700
1657 142
1657 639
1658 468
1658 1352
1659 1183
1659 486
1660 108
1660 1375
1661 97
1661 1273
1662 85
1662 995
1663 1051
1663 1208
1664 3
1664 1625
1665 1068
1665 965
1666 1384
1666 1620
1667 181
1667 97
1668 436
1668 1202
1669 164
1669 49
1670 1322
1670 928
1671 272
1671 1135
1672 85
1672 711
1673 701
1673 515
1674 168
1674 1052
1675 857
1675 523
1676 233
1676 7
1677 353
1677 393
1678 106
1678 780
1679 1570
1679 1017
1680 63
1680 1255
1681 864
1681 1000
1682 49
1682 280
1683 367
1683 839
1684 361
1684 688
1685 5
1685 1028
1686 1148
1686 809
1687 1566
1687 8
1688 465
1688 882
1689 508
1689 14
1690 24
1690 308
1691 1575
1691 762
1692 179
1692 4
1693 220
1693 238
1694 882
1694 1117
1695 833
1695 277
1696 1424
1696 131
1697 29
1697 6
1698 709
1698 248
1699 440
1699 1282
1700 9
1700 202
1701 1146
1701 8
1702 1214
1702 101
1703 1263
1703 1375
1704 999
1704 55
1705 627
1705 26
1706 1227
1706 433
1707 598
1707 670
1708 1283
1708 27
1709 1298
1709 3
1710 1240
1710 8
1711 1328
1711 66
1712 747
1712 687
1713 11
1713 1363
1714 67
1714 1387
1715 86
1715 940
1716 80
1716 70
1717 1293
1717 111
1718 14
1718 1474
1719 383
1719 1123
1720 9
1720 374
1721 141
1721 55
1722 157
1722 14
1723 8
1723 1472
1724 745
1724 1121
1725 816
1725 3
1726 209
1726 1476
1727 227
1727 120
1728 1395
1728 1710
1729 8
1729 236
1730 4
1730 94
1731 1463
1731 71
1732 782
1732 478
1733 301
1733 25
1734 684
1734 8
1735 557
1735 182
1736 1725
1736 4
1737 1111
1737 69
1738 706
1738 681
1739 340
1739 826
1740 430
1740 946
1741 311
1741 673
1742 104
1742 1
1743 725
1743 13
1744 1438
1744 252
1745 1024
1745 97
1746 987
1746 657
1747 26
1747 31
1748 1047
1748 1652
1749 6
1749 1099
1750 67
1750 309
1751 1299
1751 1104
1752 854
1752 1501
1753 272
1753 342
1754 131
1754 126
1755 660
1755 1306
1756 1034
1756 611
1757 192
1757 26
1758 127
1758 111
1759 1042
1759 1536
1760 599
1760 1464
1761 127
1761 986
1762 107
1762 105
1763 1098
1763 1220
1764 1457
1764 1205
1765 52
1765 1192
1766 1283
1766 353
1767 1390
1767 1207
1768 826
1768 6
1769 301
1769 1485
1770 692
1770 4
1771 85
1771 1709
1772 4
1772 966
1773 97
1773 284
1774 1753
1774 604
1775 635
1775 1466
1776 539
1776 310
1777 811
1777 221
1778 230
1778 13
1779 34
1779 552
1780 1
1780 611
1781 237
1781 50
1782 509
1782 915
1783 1125
1783 700
1784 882
1784 107
1785 93
1785 1310
1786 2
1786 31
1787 816
1787 1714
1788 67
1788 1
1789 54
1789 695
1790 7
1790 195
1791 1
1791 1771
1792 664
1792 366
1793 814
1793 300
1794 1047
1794 614
1795 311
1795 258
1796 585
1796 723
1797 239
1797 226
1798 587
1798 139
1799 1183
1799 101
1800 127
1800 29
1801 6
1801 1036
1802 1129
1802 4
1803 10
1803 893
1804 41
1804 1010
1805 396
1805 177
1806 107
1806 924
1807 188
1807 369
1808 24
1808 115
1809 753
1809 104
1810 841
1810 111
1811 774
1811 1322
1812 178
1812 1335
1813 341
1813 920
1814 423
1814 1483
1815 364
1815 1279
1816 1102
1816 1036
1817 1469
1817 499
1818 22
1818 180
1819 269
1819 77
1820 114
1820 249
1821 517
1821 814
1822 829
1822 915
1823 1020
1823 190
1824 848
1824 824
1825 628
1825 375
1826 49
1826 302
1827 1231
1827 1790
1828 4
1828 1128
1829 229
1829 1179
1830 952
1830 634
1831 406
1831 599
1832 120
1832 407
1833 64
1833 1716
1834 1574
1834 1358
1835 540
1835 10
1836 335
1836 255
1837 963
1837 644
1838 697
1838 38
1839 552
1839 25
1840 412
1840 1275
1841 1163
1841 18
1842 1307
1842 160
1843 528
1843 6
1844 40
1844 93
1845 919
1845 8
1846 11
1846 142
1847 29
1847 1084
1848 1125
1848 1172
1849 1220
1849 1353
1850 7
1850 1841
1851 457
1851 107
1852 20
1852 827
1853 1710
1853 1747
1854 18
1854 13
1855 310
1855 1616
1856 181
1856 1832
1857 10
1857 1340
1858 1644
1858 56
1859 753
1859 67
1860 733
1860 55
1861 591
1861 4
1862 79
1862 1716
1863 5
1863 5
1864 63
1864 92
1865 595
1865 1681
1866 38
1866 1552
1867 13
1867 692
1868 519
1868 1757
1869 1239
1869 561
1870 1112
1870 14
1871 225
1871 1260
1872 314
1872 268
1873 51
1873 486
1874 1233
1874 14
1875 789
1875 1043
1876 200
1876 35
1877 1372
1877 677
1878 404
1878 741
1879 106
1879 1440
1880 975
1880 7
1881 45
1881 511
1882 4
1882 1256
1883 36
1883 440
1884 1059
1884 393
1885 469
1885 206
1886 1477
1886 3
1887 801
1887 103
1888 632
1888 273
1889 111
1889 202
1890 1
1890 1844
1891 13
1891 825
1892 275
1892 353
1893 74
1893 1529
1894 574
1894 986
1895 741
1895 611
1896 310
1896 854
1897 7
1897 364
1898 1434
1898 25
1899 78
1899 717
1900 1415
1900 8
1901 52
1901 153
1902 1416
1902 808
1903 8
1903 808
1904 182
1904 1670
1905 508
1905 1802
1906 34
1906 80
1907 1497
1907 258
1908 179
1908 846
1909 2
1909 4
1910 12
1910 1586
1911 804
1911 611
1912 308
1912 45
1913 14
1913 226
1914 505
1914 1360
1915 51
1915 440
1916 314
1916 485
1917 457
1917 2
1918 276
1918 902
1919 504
1919 1379
1920 116
1920 35
1921 110
1921 45
1922 1479
1922 106
1923 915
1923 983
1924 749
1924 5
1925 36
1925 1029
1926 738
1926 100
1927 267
1927 1315
1928 983
1928 1775
1929 519
1929 1553
1930 1144
1930 458
1931 978
1931 246
1932 59
1932 1442
1933 26
1933 124
1934 269
1934 76
1935 1515
1935 138
1936 1340
1936 1427
1937 731
1937 423
1938 1
1938 136
1939 157
1939 991
1940 1709
1940 919
1941 611
1941 73
1942 52
1942 1634
1943 927
1943 1753
1944 482
1944 38
1945 1683
1945 192
1946 510
1946 1752
1947 867
1947 220
1948 115
1948 163
1949 274
1949 298
1950 585
1950 353
1951 2
1951 1813
1952 35
1952 1613
1953 877
1953 53
1954 1920
1954 480
1955 248
1955 22
1956 1072
1956 757
1957 604
1957 238
1958 45
1958 625
1959 8
1959 5
1960 394
1960 1861
1961 558
1961 190
1962 1179
1962 909
1963 1936
1963 271
1964 499
1964 694
1965 55
1965 1342
1966 1837
1966 1640
1967 25
1967 611
1968 246
1968 245
1969 218
1969 163
1970 38
1970 1224
1971 235
1971 1395
1972 1848
1972 927
1973 617
1973 1757
1974 1055
1974 5
1975 686
1975 536
1976 1306
1976 678
1977 1128
1977 604
1978 1485
1978 625
1979 932
1979 11
1980 11
1980 984
1981 1215
1981 135
1982 719
1982 309
1983 7
1983 1055
1984 606
1984 73
1985 878
1985 1676
1986 5
1986 152
1987 271
1987 204
1988 51
1988 1
1989 106
1989 1477
1990 891
1990 5
1991 8
1991 1800
1992 587
1992 372
1993 155
1993 812
1994 1074
1994 102
1995 625
1995 1095
1996 246
1996 1204
1997 525
1997 562
1998 49
1998 204
1999 437
1999 688
2000 945
2000 499
