2000
3 242
3 1173
3 1284
8 1234
14 1075
15 123
29 205
35 1375
45 1303
48 226
54 1692
55 1042
64 1023
64 1116
64 1536
75 380
85 970
87 525
88 1627
91 1873
103 915
111 1936
119 741
131 881
131 1433
132 1636
134 1850
137 210
141 518
144 149
153 428
163 1197
172 389
173 987
178 1730
182 1232
183 1653
184 1415
190 1714
199 398
209 1192
218 46
218 1842
227 289
230 582
235 1734
240 1228
249 1045
250 1730
254 651
254 1852
259 335
264 504
267 1488
272 565
279 1705
282 183
283 1859
296 680
297 1632
298 263
298 292
305 504
310 155
318 383
318 1754
320 1766
325 794
334 1576
342 1655
344 185
346 279
356 1520
357 644
360 276
373 758
387 29
391 1914
397 143
412 1802
418 911
421 420
422 1410
425 720
432 1730
433 380
434 1204
434 1473
436 1059
438 675
441 572
448 1820
458 1875
462 1292
468 254
469 675
470 837
481 818
488 99
502 599
502 1788
503 1083
507 1176
522 1168
524 492
525 840
526 1970
528 379
533 933
533 1502
536 1310
538 890
540 1813
542 1272
547 724
548 140
556 264
556 1640
557 1134
558 366
558 1091
558 1807
560 1669
570 786
581 1465
584 1817
591 1714
593 1547
595 1789
596 717
604 1341
605 933
609 19
612 355
622 59
630 871
631 129
631 825
636 1473
637 313
641 1853
645 37
652 868
655 1128
663 79
667 127
670 1343
674 1692
675 764
697 1711
699 852
707 1985
708 1690
728 455
734 1688
734 1871
738 1869
739 1797
741 1068
742 1993
747 443
748 1154
750 1840
758 916
764 1143
766 1997
768 1954
770 135
772 135
775 1874
780 1889
782 825
783 745
796 1714
798 735
798 1183
802 1325
804 816
805 442
811 611
811 1939
823 1806
837 1889
840 633
848 787
854 70
859 279
870 252
870 511
874 998
874 1307
874 1456
875 1457
876 1639
895 1921
896 448
905 731
936 315
937 996
940 1313
951 463
952 38
952 391
952 1383
953 1678
965 210
967 495
970 327
982 1433
983 748
987 1107
1002 516
1005 1011
1013 237
1015 151
1018 1380
1020 1903
1024 452
1028 245
1032 1490
1034 391
1035 1946
1036 515
1038 612
1038 724
1041 352
1042 670
1045 28
1045 1083
1057 190
1058 925
1069 1584
1072 894
1074 110
1088 489
1090 400
1097 1185
1107 958
1108 1106
1110 947
1122 1112
1140 1782
1148 401
1148 402
1149 1744
1149 1957
1150 1282
1150 1468
1154 1964
1163 633
1163 1550
1170 24
1177 217
1181 1257
1182 1312
1182 1910
1187 428
1197 493
1200 1757
1203 671
1204 452
1207 496
1213 1079
1217 1697
1225 494
1230 702
1242 552
1254 1498
1259 1168
1260 1104
1264 1783
1268 1669
1280 235
1290 491
1292 1212
1297 1505
1299 1532
1305 22
1328 239
1337 728
1343 350
1352 1680
1355 1303
1360 1221
1361 398
1361 1264
1363 318
1363 1995
1365 485
1365 821
1369 659
1374 1575
1381 934
1386 1711
1388 804
1395 326
1399 1666
1408 1806
1419 775
1422 390
1423 833
1424 1013
1428 1019
1428 1816
1431 1686
1434 1365
1452 1982
1456 111
1468 448
1468 1339
1471 409
1474 1402
1483 1628
1489 38
1492 1939
1497 1647
1497 1710
1498 24
1498 1657
1509 628
1520 256
1542 1205
1546 50
1548 1887
1551 1997
1559 943
1563 820
1563 851
1567 1551
1571 1665
1577 1357
1586 1286
1603 157
1614 621
1618 1741
1621 1660
1625 1480
1632 1617
1640 1203
1640 1316
1641 1917
1644 793
1644 876
1648 1342
1653 1393
1660 823
1661 1670
1664 955
1668 928
1676 22
1680 546
1680 637
1690 591
1697 1531
1698 1338
1703 464
1710 361
1713 1020
1719 1436
1728 131
1734 1947
1735 1724
1740 518
1742 737
1751 1505
1753 217
1776 1604
1777 659
1779 417
1782 330
1787 1383
1794 1465
1801 437
1807 1999
1808 1549
1820 453
1840 914
1841 1197
1843 1459
1845 207
1845 455
1848 1981
1851 86
1851 129
1851 1352
1851 1808
1873 1850
1876 1657
1888 833
1897 1103
1898 120
1899 1186
1901 543
1902 1275
1902 1444
1905 1973
1917 1001
1917 1689
1928 115
1928 1023
1931 956
1933 1291
1935 353
1935 1463
1938 879
1941 1278
1947 777
1948 1171
1959 1355
1963 1203
1963 1239
1971 1088
1974 152
1976 557
1978 611
1984 1779
1987 1361
1992 13
1995 5
2000 1590
