adjmatrix, occ_original, z_score, avg_random, stdev_random
"000100100", 193, 1.854221420, 188.010000000, 2.691156486
"001100000", 528, -6.392893164, 574.730000000, 7.309679483
"001100010", 20, 21.662409838, 1.040000000, 0.875248882
"010100100", 0, 0.000000000, 0.000000000, 0.000000000
"010100110", 0, 0.000000000, 0.000000000, 0.000000000
"011000000", 380, 1.661725796, 374.110000000, 3.544507773
"011001000", 0, 0.000000000, 0.000000000, 0.000000000
"011100000", 0, 0.000000000, 0.000000000, 0.000000000
"011100010", 0, 0.000000000, 0.000000000, 0.000000000
"011100100", 0, 0.000000000, 0.000000000, 0.000000000
"011101000", 0, 0.000000000, 0.000000000, 0.000000000
"011101100", 0, 0.000000000, 0.000000000, 0.000000000
"011101110", 0, 0.000000000, 0.000000000, 0.000000000
