gtrieScanner Results
------------------------------------------
General Information

Start of Computation: 00h16m18s 14/09/2022
End of Computation: 00h16m18s 14/09/2022

Subgraph Size: 4
Graph File: "rede_fw_t.txt"
Directed: YES
Nr Nodes: 34
Nr Edges: 273

Method: ESU on original network
Different Types of Subgraphs Found [Original Network]: 133
Subgraph Occurrences Found [Original Network]: 22668
Time for computing census on original network: 0.013842s
Average time for census on random network: 0.000000s

Number of random networks: 0
Random seed: 1663110978
Exchanges per edge: 3
Number of tries per exchange: 10
------------------------------------------
Motif Analysis Results

Graph   Org_Freq |  Z-score |    Rnd_Avg +/-    Rnd_Dev

0000
1001
1000
0000        1896 |     0.00 |       0.00 +/-       0.00

0011
1000
0000
0000        1421 |     0.00 |       0.00 +/-       0.00

0111
0010
0000
0000        1346 |     0.00 |       0.00 +/-       0.00

0010
1001
0000
0000        1328 |     0.00 |       0.00 +/-       0.00

0000
1000
1000
0100        1073 |     0.00 |       0.00 +/-       0.00

0111
0011
0000
0000        1069 |     0.00 |       0.00 +/-       0.00

0111
0000
0000
0000        1061 |     0.00 |       0.00 +/-       0.00

0011
1010
0000
0000        1059 |     0.00 |       0.00 +/-       0.00

0101
0001
1100
0000         936 |     0.00 |       0.00 +/-       0.00

0110
0010
0000
1000         816 |     0.00 |       0.00 +/-       0.00

0100
0001
1000
0000         808 |     0.00 |       0.00 +/-       0.00

0001
1010
1000
0000         791 |     0.00 |       0.00 +/-       0.00

0000
1010
1000
1000         766 |     0.00 |       0.00 +/-       0.00

0110
0001
0001
0000         725 |     0.00 |       0.00 +/-       0.00

0111
0011
0001
0000         720 |     0.00 |       0.00 +/-       0.00

0010
1010
0000
1000         597 |     0.00 |       0.00 +/-       0.00

0000
1001
1001
0000         593 |     0.00 |       0.00 +/-       0.00

0111
0000
0100
0100         404 |     0.00 |       0.00 +/-       0.00

0000
1000
1000
1000         378 |     0.00 |       0.00 +/-       0.00

0100
0000
1100
1100         362 |     0.00 |       0.00 +/-       0.00

0001
1000
1000
0000         222 |     0.00 |       0.00 +/-       0.00

0101
1001
1101
0000         206 |     0.00 |       0.00 +/-       0.00

0111
0001
0100
0000         184 |     0.00 |       0.00 +/-       0.00

0101
1000
1100
0000         179 |     0.00 |       0.00 +/-       0.00

0111
1010
0000
0000         177 |     0.00 |       0.00 +/-       0.00

0101
1001
1100
0000         169 |     0.00 |       0.00 +/-       0.00

0101
1000
1101
0000         160 |     0.00 |       0.00 +/-       0.00

0101
0000
1100
0100         152 |     0.00 |       0.00 +/-       0.00

0111
1011
0000
0000         146 |     0.00 |       0.00 +/-       0.00

0100
1000
1100
0010         133 |     0.00 |       0.00 +/-       0.00

0100
1000
1101
1100         130 |     0.00 |       0.00 +/-       0.00

0110
1010
0000
1000         125 |     0.00 |       0.00 +/-       0.00

0100
1000
1100
1000         116 |     0.00 |       0.00 +/-       0.00

0111
1000
0000
0000         116 |     0.00 |       0.00 +/-       0.00

0100
1000
1101
0000         113 |     0.00 |       0.00 +/-       0.00

0100
1000
1101
1000         111 |     0.00 |       0.00 +/-       0.00

0110
1010
0000
1010          97 |     0.00 |       0.00 +/-       0.00

0110
1000
0000
0010          96 |     0.00 |       0.00 +/-       0.00

0101
1000
1000
0000          93 |     0.00 |       0.00 +/-       0.00

0110
1010
0000
0010          87 |     0.00 |       0.00 +/-       0.00

0101
1000
1001
0000          84 |     0.00 |       0.00 +/-       0.00

0100
1000
1100
1010          84 |     0.00 |       0.00 +/-       0.00

0100
1001
1000
0000          76 |     0.00 |       0.00 +/-       0.00

0110
1010
1000
1110          73 |     0.00 |       0.00 +/-       0.00

0111
1011
1001
0000          68 |     0.00 |       0.00 +/-       0.00

0100
1000
1100
1100          63 |     0.00 |       0.00 +/-       0.00

0100
1000
1000
0010          63 |     0.00 |       0.00 +/-       0.00

0111
1010
0000
0010          59 |     0.00 |       0.00 +/-       0.00

0111
1011
0001
0000          59 |     0.00 |       0.00 +/-       0.00

0100
1000
1001
0000          54 |     0.00 |       0.00 +/-       0.00

0111
1001
1000
0000          48 |     0.00 |       0.00 +/-       0.00

0010
1001
0001
0000          47 |     0.00 |       0.00 +/-       0.00

0111
1000
0001
0000          44 |     0.00 |       0.00 +/-       0.00

0100
1001
1001
0000          37 |     0.00 |       0.00 +/-       0.00

0110
1010
0001
0000          37 |     0.00 |       0.00 +/-       0.00

0100
1000
1001
0100          37 |     0.00 |       0.00 +/-       0.00

0101
1000
1101
1000          33 |     0.00 |       0.00 +/-       0.00

0111
1001
0101
0000          33 |     0.00 |       0.00 +/-       0.00

0110
1000
0001
0000          32 |     0.00 |       0.00 +/-       0.00

0101
1000
1101
0100          30 |     0.00 |       0.00 +/-       0.00

0111
1011
1000
0000          30 |     0.00 |       0.00 +/-       0.00

0100
1000
1000
1000          29 |     0.00 |       0.00 +/-       0.00

0100
1000
1000
0100          27 |     0.00 |       0.00 +/-       0.00

0111
1010
1000
0000          25 |     0.00 |       0.00 +/-       0.00

0111
1000
1000
0000          23 |     0.00 |       0.00 +/-       0.00

0100
1000
1001
1000          22 |     0.00 |       0.00 +/-       0.00

0101
1000
1100
1000          21 |     0.00 |       0.00 +/-       0.00

0110
1001
1100
0000          20 |     0.00 |       0.00 +/-       0.00

0110
1010
1000
1000          19 |     0.00 |       0.00 +/-       0.00

0111
1001
1001
0000          19 |     0.00 |       0.00 +/-       0.00

0110
1001
0000
0000          18 |     0.00 |       0.00 +/-       0.00

0110
1010
1000
0100          17 |     0.00 |       0.00 +/-       0.00

0110
1010
1000
1100          16 |     0.00 |       0.00 +/-       0.00

0110
1000
1100
1100          16 |     0.00 |       0.00 +/-       0.00

0110
1010
1000
0110          16 |     0.00 |       0.00 +/-       0.00

0110
1000
0100
1000          16 |     0.00 |       0.00 +/-       0.00

0110
1000
1000
0100          15 |     0.00 |       0.00 +/-       0.00

0110
1000
1000
1000          15 |     0.00 |       0.00 +/-       0.00

0111
1001
1100
0000          14 |     0.00 |       0.00 +/-       0.00

0111
1010
0001
0000          14 |     0.00 |       0.00 +/-       0.00

0111
1011
0001
0010          13 |     0.00 |       0.00 +/-       0.00

0101
1010
1001
0000          12 |     0.00 |       0.00 +/-       0.00

0110
1011
1000
0000          12 |     0.00 |       0.00 +/-       0.00

0101
1000
1100
0100          11 |     0.00 |       0.00 +/-       0.00

0110
1011
1001
0000          11 |     0.00 |       0.00 +/-       0.00

0110
1001
0001
0000          11 |     0.00 |       0.00 +/-       0.00

0101
1010
1000
0000          11 |     0.00 |       0.00 +/-       0.00

0110
1001
1000
0000          10 |     0.00 |       0.00 +/-       0.00

0111
1010
0001
0010           9 |     0.00 |       0.00 +/-       0.00

0111
1001
0100
0000           9 |     0.00 |       0.00 +/-       0.00

0111
1010
1000
1000           8 |     0.00 |       0.00 +/-       0.00

0100
1010
1000
1010           8 |     0.00 |       0.00 +/-       0.00

0110
1000
1100
0100           8 |     0.00 |       0.00 +/-       0.00

0110
1000
0100
1010           7 |     0.00 |       0.00 +/-       0.00

0111
1000
1000
0100           6 |     0.00 |       0.00 +/-       0.00

0111
1001
1101
0100           6 |     0.00 |       0.00 +/-       0.00

0110
1000
0101
0000           6 |     0.00 |       0.00 +/-       0.00

0111
1001
1100
1000           6 |     0.00 |       0.00 +/-       0.00

0111
1000
0101
0000           6 |     0.00 |       0.00 +/-       0.00

0100
1010
1000
1000           6 |     0.00 |       0.00 +/-       0.00

0110
1011
1000
1000           5 |     0.00 |       0.00 +/-       0.00

0111
1000
1100
0100           5 |     0.00 |       0.00 +/-       0.00

0110
1000
0100
0010           5 |     0.00 |       0.00 +/-       0.00

0110
1000
1000
0110           5 |     0.00 |       0.00 +/-       0.00

0111
1000
0100
0000           5 |     0.00 |       0.00 +/-       0.00

0110
1011
1000
1010           5 |     0.00 |       0.00 +/-       0.00

0111
1011
1001
1000           4 |     0.00 |       0.00 +/-       0.00

0110
1001
1100
0110           3 |     0.00 |       0.00 +/-       0.00

0111
1000
0100
0100           3 |     0.00 |       0.00 +/-       0.00

0110
1001
1001
0000           3 |     0.00 |       0.00 +/-       0.00

0110
1010
0001
0010           3 |     0.00 |       0.00 +/-       0.00

0111
1011
1000
1000           3 |     0.00 |       0.00 +/-       0.00

0110
1001
1101
1100           3 |     0.00 |       0.00 +/-       0.00

0111
1010
1000
0100           3 |     0.00 |       0.00 +/-       0.00

0101
1010
1000
1000           2 |     0.00 |       0.00 +/-       0.00

0101
1010
1001
1000           2 |     0.00 |       0.00 +/-       0.00

0111
1000
1000
1000           2 |     0.00 |       0.00 +/-       0.00

0110
1011
1001
0110           2 |     0.00 |       0.00 +/-       0.00

0111
1011
1000
0010           1 |     0.00 |       0.00 +/-       0.00

0111
1011
1001
0100           1 |     0.00 |       0.00 +/-       0.00

0111
1011
1001
0110           1 |     0.00 |       0.00 +/-       0.00

0111
1000
1100
1100           1 |     0.00 |       0.00 +/-       0.00

0101
1001
1101
0010           1 |     0.00 |       0.00 +/-       0.00

0111
1001
0101
0010           1 |     0.00 |       0.00 +/-       0.00

0110
1011
1001
1000           1 |     0.00 |       0.00 +/-       0.00

0111
1001
1100
0100           1 |     0.00 |       0.00 +/-       0.00

0110
1011
1000
0110           1 |     0.00 |       0.00 +/-       0.00

0110
1011
1000
0100           1 |     0.00 |       0.00 +/-       0.00

0110
1010
0001
1010           1 |     0.00 |       0.00 +/-       0.00

0100
1010
1001
1000           1 |     0.00 |       0.00 +/-       0.00

0110
1001
1100
1100           1 |     0.00 |       0.00 +/-       0.00

0110
1001
1100
0100           1 |     0.00 |       0.00 +/-       0.00

0110
1001
1000
0010           1 |     0.00 |       0.00 +/-       0.00

