gtrieScanner Results
------------------------------------------
General Information

Start of Computation: 00h20m29s 14/09/2022
End of Computation: 00h20m30s 14/09/2022

Subgraph Size: 4
Graph File: "rede_fw.txt"
Directed: YES
Nr Nodes: 34
Nr Edges: 176

Method: GTRIE with file containing complete g-trie
Different Types of Subgraphs Found [Original Network]: 92
Subgraph Occurrences Found [Original Network]: 11376
Time for computing census on original network: 0.001661s
Average time for census on random network: 0.001170s

Number of random networks: 500
Random seed: 1663111229
Exchanges per edge: 3
Number of tries per exchange: 10
------------------------------------------
Motif Analysis Results

Graph   Org_Freq |  Z-score |    Rnd_Avg +/-    Rnd_Dev

0011
1000
0100
0100         170 |    16.37 |      19.92 +/-       9.17

0110
0000
0000
0110         103 |     9.85 |      27.31 +/-       7.68

0101
0001
1100
0010          55 |     8.53 |       8.98 +/-       5.40

0110
0001
0001
0000         187 |     7.66 |      70.43 +/-      15.21

0101
0010
1000
0000         508 |     7.59 |     181.36 +/-      43.03

0111
0000
0100
0100          54 |     7.25 |      14.31 +/-       5.48

0100
0010
1000
1000         517 |     7.20 |     191.28 +/-      45.27

0111
0000
0000
0000         264 |     7.06 |     113.02 +/-      21.40

0011
1001
0100
0000         118 |     6.82 |      34.95 +/-      12.18

0001
1000
1100
0100         116 |     6.55 |      36.79 +/-      12.10

0000
1001
1000
0000        1134 |     5.97 |     671.22 +/-      77.58

0110
0001
0000
0010         306 |     5.75 |     141.31 +/-      28.63

0000
1000
1000
1000         282 |     5.37 |     142.84 +/-      25.90

0111
0011
0000
0000          40 |     5.28 |      12.66 +/-       5.17

0001
1000
1000
0000         822 |     5.03 |     468.48 +/-      70.33

0111
0010
0000
0000         271 |     4.96 |     130.76 +/-      28.28

0010
1001
0100
1000         109 |     4.91 |      41.24 +/-      13.79

0011
1000
0000
0000         760 |     4.61 |     445.86 +/-      68.15

0101
0000
1100
0100          83 |     4.51 |      32.04 +/-      11.31

0111
0011
0001
0000          24 |     4.45 |       6.18 +/-       4.01

0111
0001
0100
0000          74 |     4.31 |      28.81 +/-      10.48

0000
1010
1000
1000         293 |     4.28 |     153.79 +/-      32.49

0101
0001
1100
0000          83 |     4.26 |      32.27 +/-      11.91

0100
0000
1100
1100          38 |     4.01 |      14.49 +/-       5.87

0110
0010
0000
1000         320 |     3.78 |     171.17 +/-      39.37

0010
1001
0000
0000        1027 |     3.76 |     724.51 +/-      80.35

0011
1010
0000
0000         255 |     3.36 |     147.98 +/-      31.82

0100
0001
1000
0000        1179 |     3.36 |     844.42 +/-      99.62

0111
0001
0100
0010           8 |     3.11 |       2.34 +/-       1.82

0000
1000
1000
0100        1054 |     2.99 |     783.83 +/-      90.32

0010
1010
0000
1000         254 |     2.93 |     155.77 +/-      33.50

0001
1010
1000
0000         283 |     2.90 |     168.72 +/-      39.46

0100
0001
1000
0010          71 |     2.35 |      44.51 +/-      11.26

0011
1010
0000
0110           7 |     2.24 |       2.60 +/-       1.96

0110
1000
0101
1100           4 |     0.87 |       2.50 +/-       1.72

0100
1000
1101
1100           1 |     0.08 |       0.91 +/-       1.12

0101
1001
1100
0000           5 |    -0.03 |       5.09 +/-       2.88

0100
1000
1100
1100           2 |    -0.13 |       2.24 +/-       1.89

0110
1010
0001
1100           1 |    -0.22 |       1.26 +/-       1.22

0100
1000
1101
0000          16 |    -0.22 |      17.43 +/-       6.58

0111
1011
0000
0000           1 |    -0.54 |       1.87 +/-       1.61

0110
1000
0100
1110           1 |    -0.60 |       1.95 +/-       1.60

0101
1000
1100
0010           8 |    -0.62 |      10.97 +/-       4.79

0111
1010
0000
0110           1 |    -0.74 |       2.15 +/-       1.56

0110
1010
0001
1010           1 |    -0.85 |       2.56 +/-       1.83

0100
1000
1100
0010          15 |    -0.90 |      22.63 +/-       8.50

0110
1001
0101
1000           1 |    -0.93 |       2.74 +/-       1.87

0100
1000
1101
0010           1 |    -1.28 |       4.94 +/-       3.08

0100
1000
1101
1000           3 |    -1.55 |       8.16 +/-       3.33

0111
1001
0100
0000           3 |    -1.60 |      10.21 +/-       4.49

0100
1010
1000
1010           3 |    -1.87 |       9.16 +/-       3.30

0111
1010
0001
0000           2 |    -1.87 |       8.85 +/-       3.66

0001
1010
1000
1000          22 |    -1.88 |      40.41 +/-       9.78

0101
1010
1001
0000           3 |    -1.91 |       9.45 +/-       3.38

0110
1010
0001
0000           6 |    -1.95 |      21.95 +/-       8.20

0111
1000
0101
0000           2 |    -1.96 |       8.48 +/-       3.31

0101
1000
1100
0100           2 |    -1.98 |      10.64 +/-       4.36

0100
1000
1100
1010           1 |    -2.07 |       9.09 +/-       3.90

0110
1010
0000
1010           1 |    -2.08 |       8.77 +/-       3.73

0101
1010
1000
0010           2 |    -2.18 |      10.93 +/-       4.10

0110
1010
0001
1000           1 |    -2.18 |      10.96 +/-       4.58

0110
1010
0000
0010           3 |    -2.22 |      20.42 +/-       7.85

0100
1000
1001
0010           1 |    -2.28 |      40.17 +/-      17.15

0100
1010
1001
1000           1 |    -2.44 |      10.06 +/-       3.72

0100
1000
1001
0100          14 |    -2.45 |      37.53 +/-       9.61

0110
1000
0100
1010           1 |    -2.45 |       9.75 +/-       3.57

0100
1000
1100
1000          12 |    -2.57 |      44.50 +/-      12.64

0101
1000
1100
0000           8 |    -2.62 |      45.29 +/-      14.25

0101
0010
1000
1000          18 |    -2.79 |      47.33 +/-      10.51

0110
1010
0000
1000           5 |    -2.85 |      47.32 +/-      14.82

0110
1000
0100
0010          11 |    -2.97 |      45.32 +/-      11.57

0111
1010
0000
0000           6 |    -3.02 |      40.70 +/-      11.51

0110
1000
0101
0000           9 |    -3.18 |      42.98 +/-      10.69

0110
1001
0001
0000           5 |    -3.49 |      36.43 +/-       9.01

0100
1000
1000
0100          19 |    -3.49 |     105.97 +/-      24.92

0100
1000
1000
1000          35 |    -3.56 |     116.12 +/-      22.79

0100
1001
1001
0000           7 |    -3.58 |      32.75 +/-       7.20

0011
1010
0000
1000           6 |    -3.80 |      37.37 +/-       8.26

0111
0010
0000
1000           2 |    -3.93 |      37.93 +/-       9.13

0110
1000
0100
1000           3 |    -4.09 |      52.70 +/-      12.15

0111
1000
0100
0000           2 |    -4.09 |      45.77 +/-      10.69

0101
1010
1000
0000           3 |    -4.10 |      50.28 +/-      11.53

0100
1010
1000
1000           3 |    -4.11 |      49.99 +/-      11.44

0100
1000
1001
0000          39 |    -4.28 |     164.19 +/-      29.23

0110
1001
0000
0000           2 |    -4.32 |      96.36 +/-      21.86

0100
1000
1000
0010          53 |    -4.32 |     191.64 +/-      32.06

0100
1001
1000
0010           2 |    -4.33 |      40.72 +/-       8.94

0110
1000
0000
0010          38 |    -4.46 |     171.02 +/-      29.82

0100
1001
1000
0000          18 |    -4.79 |     204.04 +/-      38.80

0111
1000
0000
0000           8 |    -4.81 |     102.07 +/-      19.56

0110
1000
0001
0000          31 |    -5.09 |     183.15 +/-      29.89

0101
1000
1000
0000          33 |    -5.19 |     236.55 +/-      39.20

0111
1011
1000
0010           0 |     -nan |       0.00 +/-       0.00

0111
1011
1000
0100           0 |     -nan |       0.00 +/-       0.00

0111
1011
1000
1000           0 |     -nan |       0.00 +/-       0.00

0111
1011
1001
0000           0 |     -nan |       0.00 +/-       0.00

0111
1011
1001
0100           0 |     -nan |       0.00 +/-       0.00

0111
1011
1001
0110           0 |     -nan |       0.00 +/-       0.00

0111
1011
1001
1000           0 |     -nan |       0.00 +/-       0.00

0111
1011
1100
0000           0 |     -nan |       0.00 +/-       0.00

0111
1011
1100
0010           0 |     -nan |       0.00 +/-       0.00

0111
1011
1100
1000           0 |     -nan |       0.00 +/-       0.00

0111
1011
1100
1010           0 |     -nan |       0.00 +/-       0.00

0111
1011
1100
1100           0 |     -nan |       0.00 +/-       0.00

0111
1011
1101
0000           0 |     -nan |       0.00 +/-       0.00

0111
1011
1101
1000           0 |     -nan |       0.00 +/-       0.00

0111
1011
1101
1100           0 |     -nan |       0.00 +/-       0.00

0111
1011
1101
1110           0 |     -nan |       0.00 +/-       0.00

0101
1000
1100
1000           0 |     -nan |       0.00 +/-       0.00

0101
1000
1101
0000           0 |     -nan |       0.00 +/-       0.00

0101
1000
1101
1000           0 |     -nan |       0.00 +/-       0.00

0101
1010
1000
1010           0 |     -nan |       0.00 +/-       0.00

0101
1010
1001
0010           0 |     -nan |       0.00 +/-       0.00

0101
1010
1001
1000           0 |     -nan |       0.00 +/-       0.00

0110
1000
0001
0110           0 |     -nan |       0.00 +/-       0.00

0110
1000
0101
0010           0 |     -nan |       0.00 +/-       0.00

0110
1000
0101
1000           0 |     -nan |       0.00 +/-       0.00

0110
1000
1000
0100           0 |     -nan |       0.00 +/-       0.00

0110
1000
1000
0110           0 |     -nan |       0.00 +/-       0.00

0110
1000
1000
1000           0 |     -nan |       0.00 +/-       0.00

0110
1000
1100
0100           0 |     -nan |       0.00 +/-       0.00

0110
1000
1100
1100           0 |     -nan |       0.00 +/-       0.00

0110
1001
0001
0010           0 |     -nan |       0.00 +/-       0.00

0110
1001
0100
1000           0 |     -nan |       0.00 +/-       0.00

0110
1001
0101
1010           0 |     -nan |       0.00 +/-       0.00

0110
1001
1000
0000           0 |     -nan |       0.00 +/-       0.00

0110
1001
1000
0010           0 |     -nan |       0.00 +/-       0.00

0110
1001
1000
0100           0 |     -nan |       0.00 +/-       0.00

0110
1001
1000
1000           0 |     -nan |       0.00 +/-       0.00

0110
1001
1001
0000           0 |     -nan |       0.00 +/-       0.00

0110
1001
1001
0100           0 |     -nan |       0.00 +/-       0.00

0110
1001
1001
0110           0 |     -nan |       0.00 +/-       0.00

0110
1001
1100
0000           0 |     -nan |       0.00 +/-       0.00

0110
1001
1100
0010           0 |     -nan |       0.00 +/-       0.00

0110
1001
1100
0100           0 |     -nan |       0.00 +/-       0.00

0110
1001
1100
0110           0 |     -nan |       0.00 +/-       0.00

0110
1001
1100
1000           0 |     -nan |       0.00 +/-       0.00

0110
1001
1100
1010           0 |     -nan |       0.00 +/-       0.00

0110
1001
1100
1100           0 |     -nan |       0.00 +/-       0.00

0110
1001
1101
0100           0 |     -nan |       0.00 +/-       0.00

0110
1001
1101
1100           0 |     -nan |       0.00 +/-       0.00

0110
1010
0000
1110           0 |     -nan |       0.00 +/-       0.00

0110
1010
0001
0010           0 |     -nan |       0.00 +/-       0.00

0110
1010
1000
0100           0 |     -nan |       0.00 +/-       0.00

0110
1010
1000
0110           0 |     -nan |       0.00 +/-       0.00

0110
1010
1000
1000           0 |     -nan |       0.00 +/-       0.00

0110
1010
1000
1100           0 |     -nan |       0.00 +/-       0.00

0110
1010
1000
1110           0 |     -nan |       0.00 +/-       0.00

0110
1010
1100
1000           0 |     -nan |       0.00 +/-       0.00

0110
1010
1100
1100           0 |     -nan |       0.00 +/-       0.00

0110
1010
1100
1110           0 |     -nan |       0.00 +/-       0.00

0110
1011
1000
0000           0 |     -nan |       0.00 +/-       0.00

0110
1011
1000
0010           0 |     -nan |       0.00 +/-       0.00

0110
1011
1000
0100           0 |     -nan |       0.00 +/-       0.00

0110
1011
1000
0110           0 |     -nan |       0.00 +/-       0.00

0110
1011
1000
1000           0 |     -nan |       0.00 +/-       0.00

0110
1011
1000
1010           0 |     -nan |       0.00 +/-       0.00

0110
1011
1001
0000           0 |     -nan |       0.00 +/-       0.00

0110
1011
1001
0100           0 |     -nan |       0.00 +/-       0.00

0110
1011
1001
0110           0 |     -nan |       0.00 +/-       0.00

0110
1011
1001
1000           0 |     -nan |       0.00 +/-       0.00

0111
1000
0100
0010           0 |     -nan |       0.00 +/-       0.00

0111
1000
0100
0100           0 |     -nan |       0.00 +/-       0.00

0111
1000
0100
1000           0 |     -nan |       0.00 +/-       0.00

0111
1000
0101
0010           0 |     -nan |       0.00 +/-       0.00

0111
1000
0101
0100           0 |     -nan |       0.00 +/-       0.00

0111
1000
0101
0110           0 |     -nan |       0.00 +/-       0.00

0111
1000
0101
1000           0 |     -nan |       0.00 +/-       0.00

0111
1000
1000
0000           0 |     -nan |       0.00 +/-       0.00

0111
1000
1000
1000           0 |     -nan |       0.00 +/-       0.00

0111
1000
1100
0100           0 |     -nan |       0.00 +/-       0.00

0111
1000
1100
1100           0 |     -nan |       0.00 +/-       0.00

0111
1001
1000
0000           0 |     -nan |       0.00 +/-       0.00

0111
1001
1100
0000           0 |     -nan |       0.00 +/-       0.00

0111
1001
1100
0010           0 |     -nan |       0.00 +/-       0.00

0111
1001
1100
0100           0 |     -nan |       0.00 +/-       0.00

0111
1001
1100
0110           0 |     -nan |       0.00 +/-       0.00

0111
1001
1100
1000           0 |     -nan |       0.00 +/-       0.00

0111
1001
1100
1010           0 |     -nan |       0.00 +/-       0.00

0111
1001
1101
0100           0 |     -nan |       0.00 +/-       0.00

0111
1010
0000
0010           0 |     -nan |       0.00 +/-       0.00

0111
1010
0000
1010           0 |     -nan |       0.00 +/-       0.00

0111
1010
0001
0010           0 |     -nan |       0.00 +/-       0.00

0111
1010
0001
0100           0 |     -nan |       0.00 +/-       0.00

0111
1010
0001
0110           0 |     -nan |       0.00 +/-       0.00

0111
1010
0001
1000           0 |     -nan |       0.00 +/-       0.00

0111
1010
1000
0000           0 |     -nan |       0.00 +/-       0.00

0111
1010
1000
0100           0 |     -nan |       0.00 +/-       0.00

0111
1010
1000
0110           0 |     -nan |       0.00 +/-       0.00

0111
1010
1000
1000           0 |     -nan |       0.00 +/-       0.00

0111
1010
1100
0000           0 |     -nan |       0.00 +/-       0.00

0111
1010
1100
0100           0 |     -nan |       0.00 +/-       0.00

0111
1010
1100
0110           0 |     -nan |       0.00 +/-       0.00

0111
1010
1100
1000           0 |     -nan |       0.00 +/-       0.00

0111
1010
1100
1100           0 |     -nan |       0.00 +/-       0.00

0111
1010
1100
1110           0 |     -nan |       0.00 +/-       0.00

0111
1011
0001
0000           0 |     -nan |       0.00 +/-       0.00

0111
1011
0001
0010           0 |     -nan |       0.00 +/-       0.00

0111
1011
1000
0000           0 |     -nan |       0.00 +/-       0.00

